4	73	1
4	112	2
4	169	1
4	214	1
4	230	2
4	318	2
4	327	2
4	376	1
4	400	2
4	401	1
5	25	1
5	27	1
5	39	1
5	41	1
5	72	3
5	73	1
5	96	1
5	97	1
5	112	3
5	139	1
5	147	1
5	182	1
5	216	1
5	227	1
5	330	1
5	331	2
5	354	1
5	359	1
5	363	1
5	370	1
5	376	1
5	400	3
5	441	1
5	460	1
5	471	1
23	41	1
23	43	1
23	46	1
23	73	1
23	76	2
23	111	1
23	112	2
23	124	1
23	139	1
23	147	1
23	178	1
23	214	1
23	265	2
23	274	1
23	291	1
23	331	1
23	396	1
23	400	3
23	425	1
23	431	1
23	439	1
23	471	1
25	27	1
25	41	1
25	72	1
25	112	1
25	124	1
25	139	1
25	315	1
25	331	1
25	354	1
25	359	1
25	370	1
25	400	2
25	441	1
27	41	1
27	72	1
27	73	1
27	112	1
27	139	1
27	281	1
27	298	1
27	331	2
27	359	1
27	370	2
27	400	1
27	441	1
39	72	2
39	74	1
39	97	1
39	111	1
39	112	1
39	128	1
39	182	1
39	281	1
39	330	1
39	331	1
39	353	2
39	354	1
39	363	1
39	370	1
39	376	1
39	396	1
39	400	2
39	439	1
39	460	1
41	72	1
41	73	1
41	111	1
41	112	2
41	139	1
41	178	1
41	265	1
41	274	1
41	331	1
41	359	1
41	370	1
41	400	2
41	425	1
41	439	1
41	441	1
41	471	1
43	46	1
43	76	2
43	93	1
43	96	1
43	112	3
43	128	2
43	139	1
43	162	1
43	178	1
43	183	1
43	208	1
43	229	1
43	291	1
43	315	2
43	331	1
43	354	3
43	376	1
43	400	2
43	431	2
46	76	1
46	93	1
46	96	1
46	112	1
46	147	1
46	208	1
46	214	1
46	229	1
46	265	1
46	315	1
46	354	1
46	400	1
49	76	1
49	85	1
49	128	1
49	274	1
49	281	1
49	354	1
49	460	1
60	112	2
60	180	1
60	182	1
60	227	1
60	231	1
60	281	1
60	309	2
60	331	1
60	336	1
60	374	1
60	376	1
60	400	1
60	460	1
72	73	1
72	74	1
72	96	1
72	97	2
72	111	1
72	112	6
72	124	1
72	128	1
72	139	2
72	147	1
72	216	1
72	227	1
72	265	2
72	277	1
72	281	1
72	291	1
72	330	2
72	331	2
72	353	2
72	354	1
72	359	1
72	370	2
72	375	1
72	376	2
72	384	1
72	396	1
72	400	5
72	439	1
72	441	2
72	460	2
72	471	1
73	76	1
73	96	1
73	97	1
73	111	1
73	112	3
73	128	1
73	147	1
73	169	1
73	178	1
73	214	1
73	216	1
73	227	1
73	230	1
73	265	1
73	274	1
73	281	1
73	298	1
73	318	1
73	327	1
73	331	1
73	349	1
73	359	1
73	370	1
73	384	1
73	400	3
73	425	2
73	439	1
73	471	1
74	97	1
74	111	1
74	112	2
74	128	1
74	314	1
74	330	1
74	353	1
74	376	1
74	400	3
74	425	1
74	439	1
76	93	1
76	96	1
76	112	1
76	124	1
76	128	2
76	139	1
76	182	1
76	208	1
76	229	1
76	230	1
76	281	1
76	291	1
76	315	2
76	331	1
76	354	2
76	376	1
76	384	1
76	396	1
76	400	4
76	431	1
85	93	1
85	162	1
85	231	1
85	331	1
85	350	1
85	354	1
85	400	1
85	403	1
85	447	1
93	96	1
93	112	1
93	162	1
93	208	1
93	229	1
93	231	1
93	274	1
93	315	1
93	331	1
93	354	1
93	363	1
93	400	2
93	471	1
96	97	1
96	112	1
96	147	1
96	208	1
96	216	1
96	227	1
96	229	1
96	265	1
96	315	1
96	354	1
96	370	1
96	400	1
97	111	1
97	112	4
97	128	1
97	147	1
97	216	1
97	227	1
97	265	1
97	330	1
97	339	1
97	349	1
97	353	1
97	374	1
97	376	1
97	396	1
97	400	2
97	401	1
97	425	1
97	439	1
111	112	2
111	128	1
111	178	1
111	265	1
111	274	1
111	330	1
111	353	1
111	376	1
111	400	2
111	425	1
111	439	2
111	471	1
112	124	2
112	128	5
112	139	1
112	147	2
112	160	1
112	162	1
112	169	2
112	178	2
112	180	1
112	182	2
112	183	2
112	214	1
112	216	1
112	227	2
112	230	2
112	231	1
112	265	4
112	274	1
112	277	1
112	281	2
112	291	1
112	309	2
112	314	1
112	315	2
112	318	1
112	327	1
112	330	2
112	331	4
112	336	1
112	339	2
112	349	2
112	350	1
112	353	1
112	354	4
112	359	1
112	370	1
112	374	2
112	375	3
112	376	5
112	396	1
112	400	19
112	425	2
112	431	1
112	439	2
112	441	1
112	460	2
112	471	2
124	160	1
124	183	1
124	277	1
124	291	1
124	315	2
124	331	1
124	354	2
124	370	1
124	396	1
124	400	4
124	425	1
128	162	1
128	169	1
128	178	1
128	182	1
128	183	1
128	214	1
128	230	1
128	265	1
128	281	1
128	291	1
128	298	1
128	315	2
128	330	1
128	331	2
128	349	1
128	353	1
128	354	3
128	376	4
128	400	4
128	431	1
128	439	1
128	441	1
128	447	1
128	471	1
139	265	1
139	291	1
139	331	2
139	354	1
139	359	1
139	370	1
139	376	1
139	384	1
139	400	2
139	431	1
139	441	2
147	214	1
147	216	1
147	227	1
147	265	1
147	400	1
160	315	1
160	350	1
160	370	1
160	375	1
160	400	1
160	425	1
162	231	1
162	331	1
162	354	1
162	400	2
169	349	1
169	376	1
178	183	1
178	265	1
178	274	1
178	315	1
178	331	1
178	354	1
178	376	1
178	400	1
178	425	1
178	431	1
178	439	1
178	471	1
180	216	1
180	227	1
180	229	1
180	281	1
180	309	1
180	336	1
180	374	1
180	376	2
180	460	1
182	230	1
182	231	1
182	309	1
182	331	2
182	336	1
182	354	1
182	363	1
182	376	1
182	400	3
183	315	1
183	331	1
183	354	2
183	376	1
183	400	1
183	431	1
208	229	1
208	315	1
208	354	1
208	400	1
214	230	1
214	265	2
214	298	1
214	315	1
214	318	1
214	327	1
214	331	1
214	376	1
214	400	1
214	441	1
214	471	1
216	227	1
216	229	1
216	336	1
216	376	1
227	281	1
227	309	1
227	374	1
227	376	1
227	460	1
229	315	1
229	336	1
229	354	1
229	376	1
230	318	2
230	327	2
230	376	1
230	400	2
231	309	1
231	331	2
231	336	1
231	400	2
265	274	1
265	281	1
265	298	1
265	315	1
265	331	3
265	339	1
265	354	1
265	375	1
265	376	2
265	384	1
265	400	5
265	401	1
265	425	2
265	439	1
265	441	2
265	471	2
274	291	1
274	363	1
274	400	2
274	425	1
274	439	1
274	460	1
274	471	2
277	291	1
281	298	1
281	309	1
281	331	2
281	339	1
281	353	1
281	354	1
281	370	2
281	374	1
281	376	1
281	396	1
281	400	1
281	460	2
291	400	1
291	431	1
291	447	1
298	315	1
298	331	2
298	370	1
298	376	1
298	441	1
298	471	1
309	331	1
309	336	1
309	374	1
309	376	1
309	400	1
309	460	1
314	354	1
314	375	1
314	400	2
315	331	2
315	354	3
315	370	1
315	376	2
315	400	3
315	425	1
315	431	1
315	441	1
315	471	1
318	327	2
318	400	1
327	400	1
330	353	1
330	376	1
330	400	2
330	439	1
330	460	1
330	471	1
331	336	1
331	339	1
331	354	3
331	359	1
331	363	1
331	370	2
331	376	3
331	384	1
331	396	1
331	400	7
331	431	1
331	441	3
331	471	1
336	376	1
336	400	1
339	374	1
339	396	1
339	400	2
350	354	1
350	375	1
350	403	1
350	447	1
353	370	1
353	376	1
353	396	1
353	400	1
353	439	1
353	460	1
354	363	1
354	375	1
354	376	2
354	384	1
354	400	6
354	403	1
354	431	1
354	441	1
354	447	1
359	370	1
359	400	2
359	425	1
359	441	1
363	400	1
363	471	1
370	396	1
370	400	3
370	425	1
370	441	1
370	460	1
374	376	1
374	396	1
374	400	1
374	460	1
375	400	2
376	384	1
376	400	3
376	431	1
376	439	1
376	441	2
376	460	1
376	471	1
384	400	2
384	441	1
396	400	2
396	460	1
400	401	1
400	425	4
400	439	2
400	441	2
400	460	1
400	471	2
401	425	1
403	447	1
425	439	1
425	471	1
439	471	1
441	471	1
460	471	1
