222	1177	1
222	1258	1
222	1919	1
222	1961	2
222	2077	1
222	2692	1
222	2888	1
222	3143	1
222	3422	1
222	3727	1
222	4673	2
222	5280	1
222	5314	1
222	6037	1
222	6215	4
222	6246	1
222	6314	1
222	6568	1
222	7927	1
222	8522	1
222	8588	1
222	8717	1
222	9165	5
222	9544	1
222	9763	1
222	10636	1
273	1163	1
273	1205	1
273	1961	2
273	2283	1
273	2299	1
273	2338	1
273	2711	1
273	3719	1
273	4008	1
273	4167	1
273	4302	1
273	4361	1
273	4625	1
273	4838	1
273	5268	1
273	6215	2
273	6921	1
273	7053	1
273	8560	1
273	8775	1
273	9165	6
298	300	5
298	771	1
298	1961	3
298	3251	1
298	3522	1
298	4279	1
298	4302	1
298	4673	1
298	5972	1
298	6215	7
298	6667	1
298	8179	1
298	8407	2
298	8522	1
298	9165	10
298	9171	1
298	9630	1
298	10828	1
300	1383	1
300	2088	1
300	3502	1
300	4279	1
300	4673	1
300	5972	1
300	6215	6
300	8407	1
300	8522	1
300	9165	8
325	826	1
325	1191	1
325	1242	2
325	1865	1
325	1957	2
325	1961	4
325	2866	1
325	2888	1
325	2901	1
325	3203	2
325	3452	1
325	4673	1
325	6001	1
325	6016	3
325	6215	9
325	6289	1
325	6498	1
325	6568	1
325	7072	2
325	7802	1
325	8588	1
325	8741	1
325	9165	15
325	9676	1
325	9763	4
325	9773	1
325	9833	1
325	10265	1
325	10616	1
325	10834	1
325	10930	1
325	10959	1
377	1556	1
377	1925	1
377	1957	2
377	1961	1
377	3954	1
377	4582	1
377	5583	1
377	5594	1
377	5972	1
377	6215	6
377	6231	1
377	6568	1
377	8018	1
377	8022	1
377	8239	1
377	8731	1
377	9165	6
377	9763	1
377	10086	1
377	10159	1
377	10337	1
497	574	1
497	1424	1
497	1773	1
497	2312	1
497	2711	2
497	6215	6
497	6559	1
497	6568	1
497	6982	1
497	7040	1
497	8098	1
497	8264	1
497	8331	1
497	8554	1
497	9165	3
497	9546	1
497	10959	1
497	11066	1
530	1044	1
530	1163	1
530	1191	2
530	1201	1
530	1258	1
530	1892	1
530	1961	1
530	2299	2
530	2901	3
530	2951	1
530	4411	1
530	6016	1
530	6215	5
530	6229	2
530	6498	1
530	7800	1
530	8549	1
530	8874	1
530	9165	4
530	10884	1
531	1201	1
531	1242	1
531	1556	1
531	1957	1
531	1961	1
531	2299	6
531	2866	1
531	2888	1
531	3349	1
531	3399	1
531	3482	1
531	4038	1
531	4673	2
531	5636	1
531	6215	8
531	7076	1
531	7802	1
531	8564	1
531	8699	1
531	9165	8
536	1044	1
536	1205	1
536	1556	1
536	1919	1
536	1961	1
536	2299	1
536	2338	3
536	2901	1
536	2934	1
536	3349	1
536	3425	1
536	3505	1
536	4139	1
536	4309	1
536	4675	1
536	4678	1
536	5117	1
536	6215	5
536	6396	2
536	6932	1
536	7044	1
536	7073	1
536	8340	2
536	8554	2
536	8717	1
536	8741	5
536	9165	6
536	9601	1
536	9680	1
536	9833	1
536	9936	1
536	10395	1
536	11037	1
574	771	1
574	1201	1
574	1242	1
574	1842	1
574	1919	1
574	1961	3
574	2062	2
574	2299	3
574	2312	1
574	2338	1
574	2888	1
574	6215	7
574	6514	1
574	7040	1
574	7053	1
574	8098	2
574	8340	1
574	8554	1
574	9165	6
574	9763	1
574	10388	1
574	10395	1
592	1906	2
592	2283	1
592	4634	1
592	4675	1
592	4690	1
592	5789	1
592	6215	2
592	6437	1
592	6552	1
592	9165	3
592	9224	1
592	9382	1
592	10530	1
644	1919	1
644	2299	1
644	2338	1
644	2519	1
644	4183	1
644	4279	1
644	4675	1
644	5101	1
644	6215	3
644	8340	1
644	8564	1
644	9165	3
644	9768	1
644	10804	1
644	11229	1
696	1242	1
696	1258	1
696	1961	5
696	2888	1
696	3139	1
696	3642	1
696	4361	1
696	4673	1
696	4676	2
696	5268	1
696	6215	3
696	6545	1
696	7475	1
696	9165	4
696	10159	1
741	1258	1
741	1381	1
741	1961	4
741	2024	1
741	5972	1
741	6215	5
741	8240	1
741	9045	1
741	9165	8
752	1961	1
752	2299	2
752	2711	1
752	3336	1
752	3505	1
752	3714	4
752	4657	1
752	5387	1
752	5390	1
752	6215	6
752	7076	1
752	8098	2
752	9165	8
759	1136	1
759	1169	1
759	1191	3
759	1242	1
759	1273	1
759	1311	1
759	1961	1
759	2299	1
759	2504	1
759	2888	1
759	3349	1
759	3356	1
759	3391	1
759	3422	1
759	3503	1
759	3511	1
759	3529	2
759	4361	1
759	4380	1
759	4582	1
759	4678	1
759	5317	1
759	5345	1
759	5467	4
759	5615	1
759	5761	2
759	5789	1
759	5879	1
759	6001	1
759	6016	1
759	6041	1
759	6215	23
759	6524	1
759	6530	4
759	6548	1
759	7073	2
759	7475	1
759	8115	1
759	8234	1
759	8236	1
759	8240	1
759	9040	2
759	9165	22
759	9432	1
759	9609	1
759	9614	1
759	9676	1
759	9821	1
759	10086	1
759	10265	1
759	10287	1
759	10693	1
759	11172	1
771	1209	1
771	1842	1
771	2338	1
771	2578	2
771	3139	1
771	5268	1
771	6215	5
771	6667	1
771	8098	1
771	8179	1
771	8340	1
771	8717	1
771	8880	1
771	9165	6
771	9171	1
806	1149	1
806	1201	1
806	1205	1
806	1961	4
806	2338	1
806	2692	2
806	3082	1
806	3203	1
806	3727	1
806	3871	1
806	3954	1
806	4283	1
806	4675	1
806	5972	7
806	6215	1
806	9165	8
806	9763	1
806	9771	1
806	9775	1
806	9833	2
806	10905	1
806	11066	1
812	1258	1
812	1383	1
812	1961	1
812	2692	1
812	2711	1
812	3203	1
812	3528	1
812	4235	1
812	4239	1
812	4309	1
812	5761	1
812	5972	1
812	6215	2
812	6522	1
812	6789	2
812	8522	2
812	8533	1
812	9040	1
812	9165	7
812	9630	1
812	9737	1
812	10136	2
826	1078	1
826	1258	1
826	1961	2
826	2240	1
826	3687	1
826	4838	1
826	5259	1
826	5761	1
826	6001	1
826	6215	4
826	8522	1
826	9165	8
826	10760	1
855	1258	1
855	1961	2
855	1967	1
855	1985	1
855	2009	1
855	2299	1
855	3139	1
855	3349	1
855	3719	1
855	3991	1
855	4411	1
855	4940	1
855	6066	1
855	6215	7
855	6983	1
855	8522	3
855	8563	1
855	9165	8
855	9283	1
879	1311	2
879	1424	3
879	1530	1
879	1773	1
879	1961	1
879	2299	1
879	2711	1
879	2888	1
879	3349	1
879	3397	1
879	3518	1
879	4411	1
879	6215	5
879	7053	1
879	8264	1
879	8522	1
879	8588	1
879	9165	8
900	1191	2
900	1201	1
900	1780	1
900	1957	2
900	1961	7
900	2184	1
900	2299	4
900	4063	1
900	4673	1
900	5317	1
900	5600	1
900	6215	12
900	6514	1
900	6540	1
900	7802	1
900	8018	1
900	8234	1
900	8239	1
900	8522	1
900	9139	1
900	9165	11
900	9494	1
900	9544	1
900	9763	2
900	9775	1
900	9821	1
900	9833	1
900	11172	1
960	1136	1
960	1273	1
960	1383	1
960	2110	1
960	4380	1
960	4633	1
960	6215	1
960	6540	1
960	7072	2
960	8522	1
960	9040	1
960	9165	5
960	9936	1
960	10905	1
1044	1163	2
1044	1842	1
1044	1892	3
1044	2934	1
1044	4411	1
1044	5390	1
1044	5972	2
1044	6215	3
1044	7072	1
1044	9165	5
1044	10395	1
1046	1242	1
1046	1289	1
1046	1865	1
1046	2299	1
1046	2342	1
1046	3143	1
1046	4673	1
1046	4675	1
1046	5152	1
1046	5627	1
1046	6215	5
1046	6257	1
1046	6437	1
1046	7040	1
1046	8018	1
1046	9165	6
1046	9680	1
1078	1957	1
1078	1961	1
1078	2240	1
1078	3203	1
1078	3231	1
1078	4384	1
1078	5600	1
1078	6215	2
1078	8018	1
1078	9165	4
1078	9544	1
1078	10388	1
1095	1205	1
1095	1961	6
1095	2299	2
1095	3349	1
1095	4675	1
1095	6041	1
1095	6215	1
1095	7053	1
1095	8340	1
1095	9165	6
1095	11022	2
1136	1273	1
1136	3143	1
1136	5624	1
1136	6215	2
1136	6568	1
1136	7073	1
1136	8239	1
1136	9040	1
1136	9165	4
1136	9432	1
1136	9646	1
1136	10905	1
1149	1191	1
1149	1201	1
1149	1311	1
1149	1961	3
1149	2692	1
1149	3082	1
1149	3954	1
1149	4445	1
1149	4582	1
1149	5594	1
1149	5972	3
1149	6215	3
1149	6624	1
1149	8098	1
1149	8522	1
1149	8717	1
1149	9165	3
1149	9763	1
1163	1892	2
1163	2338	1
1163	3422	1
1163	4167	1
1163	4411	1
1163	5268	1
1163	5390	1
1163	5600	1
1163	6215	5
1163	6921	1
1163	8522	1
1163	9165	7
1163	9494	1
1169	1258	1
1169	1957	1
1169	1961	1
1169	2866	1
1169	3143	1
1169	3356	1
1169	3404	1
1169	3452	1
1169	3719	1
1169	4582	1
1169	5699	1
1169	6041	1
1169	6215	5
1169	6229	1
1169	8098	2
1169	8560	1
1169	9165	4
1169	10959	1
1177	1201	1
1177	1242	1
1177	1258	2
1177	1556	1
1177	1957	1
1177	1961	6
1177	2077	1
1177	2338	2
1177	3143	1
1177	4373	1
1177	5280	1
1177	5314	2
1177	6215	5
1177	7053	1
1177	7968	1
1177	8552	1
1177	8874	1
1177	9165	7
1179	1258	3
1179	1961	3
1179	2299	1
1179	3529	1
1179	3642	1
1179	4258	1
1179	4361	1
1179	5583	1
1179	6215	9
1179	6246	1
1179	7074	1
1179	7154	1
1179	7176	1
1179	9165	9
1179	9763	1
1179	9768	3
1179	9775	1
1179	10096	3
1184	1242	1
1184	1258	4
1184	1865	2
1184	1892	1
1184	1961	2
1184	2088	1
1184	3203	1
1184	3642	1
1184	3991	1
1184	4302	1
1184	4480	1
1184	5293	1
1184	6215	6
1184	7072	1
1184	7196	1
1184	8563	1
1184	8588	1
1184	9165	10
1191	1201	3
1191	1258	4
1191	1273	1
1191	1283	1
1191	1530	1
1191	1957	2
1191	1961	16
1191	1962	1
1191	2013	1
1191	2062	1
1191	2088	2
1191	2299	4
1191	2313	1
1191	2504	1
1191	2888	2
1191	2916	1
1191	2951	5
1191	3139	1
1191	3143	1
1191	3149	1
1191	3391	2
1191	3404	2
1191	3422	1
1191	3425	1
1191	3503	1
1191	3528	1
1191	3687	2
1191	3789	1
1191	3961	1
1191	4102	2
1191	4159	1
1191	4169	4
1191	4235	1
1191	4283	1
1191	4302	1
1191	4380	1
1191	4411	1
1191	4582	2
1191	4675	1
1191	4676	2
1191	4678	1
1191	5117	2
1191	5189	1
1191	5199	1
1191	5312	2
1191	5410	1
1191	5598	2
1191	5699	1
1191	5972	1
1191	6053	1
1191	6215	53
1191	6256	1
1191	6292	2
1191	6396	1
1191	6522	1
1191	6530	1
1191	6540	1
1191	6548	2
1191	6658	1
1191	7053	1
1191	7076	1
1191	7085	1
1191	7176	1
1191	7268	1
1191	7450	1
1191	7475	1
1191	7729	2
1191	7754	1
1191	7848	1
1191	7927	1
1191	8098	1
1191	8239	1
1191	8340	1
1191	8522	2
1191	8549	1
1191	8560	1
1191	8563	1
1191	8610	2
1191	8717	3
1191	8731	1
1191	9165	59
1191	9283	1
1191	9329	1
1191	9614	1
1191	9630	1
1191	9763	5
1191	9821	1
1191	10287	1
1191	10530	1
1191	10834	1
1191	10846	2
1191	10930	1
1191	11172	3
1201	1242	2
1201	1258	1
1201	1311	2
1201	1792	1
1201	1957	2
1201	1961	18
1201	2016	1
1201	2062	1
1201	2184	1
1201	2299	15
1201	2313	1
1201	2338	1
1201	2692	1
1201	2711	1
1201	2888	1
1201	3082	2
1201	3140	1
1201	3203	2
1201	3231	1
1201	3349	3
1201	3371	2
1201	3422	1
1201	3426	1
1201	3427	1
1201	3991	1
1201	4038	1
1201	4063	1
1201	4167	1
1201	4392	1
1201	4411	1
1201	4582	2
1201	4625	1
1201	4633	2
1201	4673	1
1201	4678	1
1201	5387	1
1201	5594	1
1201	5624	1
1201	5631	1
1201	5636	1
1201	5785	1
1201	5972	2
1201	6001	1
1201	6061	1
1201	6215	32
1201	6559	1
1201	6589	1
1201	6898	1
1201	6932	1
1201	7072	2
1201	7076	1
1201	8179	1
1201	8329	1
1201	8331	1
1201	8340	6
1201	8522	2
1201	8540	1
1201	8549	1
1201	8563	1
1201	8564	1
1201	8667	1
1201	8717	2
1201	8741	1
1201	8775	1
1201	9165	31
1201	9171	2
1201	9564	1
1201	9609	1
1201	9672	1
1201	9680	1
1201	9763	3
1201	9771	1
1201	9775	1
1201	9797	1
1201	9821	1
1201	9833	7
1201	10388	1
1201	10395	1
1201	10834	1
1201	10905	1
1201	11022	1
1201	11124	1
1201	11172	1
1205	1214	1
1205	1242	1
1205	1258	3
1205	1852	1
1205	1961	6
1205	1973	1
1205	2047	2
1205	2338	1
1205	2711	1
1205	3143	1
1205	4008	1
1205	4183	1
1205	4582	1
1205	4615	2
1205	4625	1
1205	4630	1
1205	4673	1
1205	4675	2
1205	4676	2
1205	5618	1
1205	5972	2
1205	6001	1
1205	6215	14
1205	6231	1
1205	7072	1
1205	7268	1
1205	8114	1
1205	8340	4
1205	8522	1
1205	8560	1
1205	8717	1
1205	8874	1
1205	9165	21
1205	9224	1
1205	9639	1
1205	9763	2
1205	10388	1
1205	10765	1
1205	10930	1
1205	11254	1
1209	1214	1
1209	1242	1
1209	1273	1
1209	1424	1
1209	1773	1
1209	1957	1
1209	1961	4
1209	2338	4
1209	2888	1
1209	3371	1
1209	3378	1
1209	4167	1
1209	4169	1
1209	4388	1
1209	4615	2
1209	4625	2
1209	5117	1
1209	5314	1
1209	5390	1
1209	5627	1
1209	5646	1
1209	6053	1
1209	6215	7
1209	6568	1
1209	8052	1
1209	8206	1
1209	8340	2
1209	8588	1
1209	8717	1
1209	9045	1
1209	9165	12
1209	9329	1
1209	9614	1
1209	9763	2
1209	9773	1
1209	9783	1
1214	1258	1
1214	1961	1
1214	2047	1
1214	2299	1
1214	2313	1
1214	2338	1
1214	4251	1
1214	4668	1
1214	5314	1
1214	5390	1
1214	6215	1
1214	9165	5
1214	9763	1
1214	9773	1
1214	9936	1
1218	1258	1
1218	1311	1
1218	1919	1
1218	2299	1
1218	2312	1
1218	3276	1
1218	3426	1
1218	4673	1
1218	5101	1
1218	5624	1
1218	5761	1
1218	6161	1
1218	6215	3
1218	8331	1
1218	8340	1
1218	8717	2
1218	9045	1
1218	9165	5
1218	9737	1
1242	1258	2
1242	1289	1
1242	1852	1
1242	1957	2
1242	1961	15
1242	2062	1
1242	2171	3
1242	2184	2
1242	2299	10
1242	2338	1
1242	2342	1
1242	2711	3
1242	2860	1
1242	2866	1
1242	2888	2
1242	2928	1
1242	3143	3
1242	3203	6
1242	3251	1
1242	3378	1
1242	3391	1
1242	3397	1
1242	3402	1
1242	3505	1
1242	3667	1
1242	3723	1
1242	3799	1
1242	4251	1
1242	4279	1
1242	4361	1
1242	4373	1
1242	4380	1
1242	4388	1
1242	4411	1
1242	5101	1
1242	5117	1
1242	5268	1
1242	5699	2
1242	5761	1
1242	5972	2
1242	6001	2
1242	6016	2
1242	6066	2
1242	6161	1
1242	6215	42
1242	6292	1
1242	6437	1
1242	6498	1
1242	6982	2
1242	7040	1
1242	7044	1
1242	7053	2
1242	7066	1
1242	7072	2
1242	7073	1
1242	7076	1
1242	7268	1
1242	7421	1
1242	7724	1
1242	7802	1
1242	8098	2
1242	8340	3
1242	8466	1
1242	8522	2
1242	8533	1
1242	8540	1
1242	8547	1
1242	8549	1
1242	8563	1
1242	8588	2
1242	8717	1
1242	8741	1
1242	9165	48
1242	9171	2
1242	9544	1
1242	9609	2
1242	9763	2
1242	9768	2
1242	9771	1
1242	9775	1
1242	9833	1
1242	10086	1
1242	10109	1
1242	10159	1
1242	10265	4
1242	10388	2
1242	10806	1
1242	10930	1
1242	11066	1
1252	1258	2
1252	1961	4
1252	2088	1
1252	3502	1
1252	3522	2
1252	4411	1
1252	4657	1
1252	6215	10
1252	6524	1
1252	6548	1
1252	7072	2
1252	7076	2
1252	9165	9
1252	9797	1
1252	10086	1
1252	10287	1
1258	1289	1
1258	1329	2
1258	1381	1
1258	1383	3
1258	1424	1
1258	1530	1
1258	1852	2
1258	1919	4
1258	1957	3
1258	1961	49
1258	1973	1
1258	1985	1
1258	2016	3
1258	2062	2
1258	2077	2
1258	2088	1
1258	2299	5
1258	2313	1
1258	2338	1
1258	2519	1
1258	2866	1
1258	2888	6
1258	2916	1
1258	2923	1
1258	2934	1
1258	3045	3
1258	3143	5
1258	3149	1
1258	3203	1
1258	3356	1
1258	3413	1
1258	3422	1
1258	3427	1
1258	3482	1
1258	3502	1
1258	3503	1
1258	3522	2
1258	3529	4
1258	3601	1
1258	3642	6
1258	3687	6
1258	3727	2
1258	3789	1
1258	3829	2
1258	3933	1
1258	3991	2
1258	4038	1
1258	4063	1
1258	4102	2
1258	4129	1
1258	4169	4
1258	4183	3
1258	4239	1
1258	4258	1
1258	4302	1
1258	4361	2
1258	4380	1
1258	4388	1
1258	4392	1
1258	4411	4
1258	4445	2
1258	4582	1
1258	4632	1
1258	4673	3
1258	4678	2
1258	4940	2
1258	5001	1
1258	5049	3
1258	5101	3
1258	5117	1
1258	5189	1
1258	5259	2
1258	5268	3
1258	5280	4
1258	5293	2
1258	5316	1
1258	5317	3
1258	5338	2
1258	5541	2
1258	5583	1
1258	5600	1
1258	5605	1
1258	5624	1
1258	5627	1
1258	5972	5
1258	6016	1
1258	6037	1
1258	6215	127
1258	6229	2
1258	6246	2
1258	6314	1
1258	6498	1
1258	6522	1
1258	6524	1
1258	6540	1
1258	6548	2
1258	6552	1
1258	6559	3
1258	6568	1
1258	6733	1
1258	6789	1
1258	7040	1
1258	7053	5
1258	7058	1
1258	7066	1
1258	7072	4
1258	7074	3
1258	7076	5
1258	7085	6
1258	7087	1
1258	7154	3
1258	7176	3
1258	7301	1
1258	7724	3
1258	7729	2
1258	7907	1
1258	8079	1
1258	8098	3
1258	8112	1
1258	8133	1
1258	8160	1
1258	8179	3
1258	8202	1
1258	8240	1
1258	8329	1
1258	8407	1
1258	8522	8
1258	8533	2
1258	8549	6
1258	8560	1
1258	8563	1
1258	8595	1
1258	8610	2
1258	8717	3
1258	8872	4
1258	8874	5
1258	8880	1
1258	9045	1
1258	9165	179
1258	9171	1
1258	9283	1
1258	9329	1
1258	9601	1
1258	9614	1
1258	9618	2
1258	9763	6
1258	9768	1
1258	9833	1
1258	10086	1
1258	10136	1
1258	10146	1
1258	10388	1
1258	10395	1
1258	10427	1
1258	10530	2
1258	10693	1
1258	10760	1
1258	10819	1
1258	10884	1
1258	11022	1
1258	11037	1
1258	11066	1
1258	11172	1
1273	1852	1
1273	1961	6
1273	1967	1
1273	1985	1
1273	2000	1
1273	2338	2
1273	2866	1
1273	3143	2
1273	3349	1
1273	3404	1
1273	3425	2
1273	3427	1
1273	3642	1
1273	4361	1
1273	4615	2
1273	4625	1
1273	4633	1
1273	5293	2
1273	5605	1
1273	5627	1
1273	6215	10
1273	6540	1
1273	6548	1
1273	6667	1
1273	7087	1
1273	7729	1
1273	7848	1
1273	7927	1
1273	8098	2
1273	8202	1
1273	8206	1
1273	8234	2
1273	8236	1
1273	8239	2
1273	8340	1
1273	8522	2
1273	9165	25
1273	9283	1
1273	9329	1
1273	9564	1
1273	9763	1
1273	9771	1
1273	9775	1
1273	10388	1
1273	10826	1
1273	10905	1
1273	11066	1
1283	1961	4
1283	2088	2
1283	2313	1
1283	5189	1
1283	5280	1
1283	5972	1
1283	6215	3
1283	7359	1
1283	7729	1
1283	8874	2
1283	9165	7
1283	11172	1
1289	1311	1
1289	1329	1
1289	1919	1
1289	1961	3
1289	2254	1
1289	2299	1
1289	2619	1
1289	3799	1
1289	4388	1
1289	5001	1
1289	5390	1
1289	5862	1
1289	6215	7
1289	6437	1
1289	6522	1
1289	7040	1
1289	8018	1
1289	8549	1
1289	8560	1
1289	8564	1
1289	9165	10
1289	9630	1
1289	9763	1
1311	1424	2
1311	1961	3
1311	2000	1
1311	2254	1
1311	2299	3
1311	2711	1
1311	3082	1
1311	3518	1
1311	4480	1
1311	4582	1
1311	4676	1
1311	4872	1
1311	5199	1
1311	5600	1
1311	5972	1
1311	6066	1
1311	6215	6
1311	6540	1
1311	6545	1
1311	7802	1
1311	8098	1
1311	8552	1
1311	8699	1
1311	9165	14
1311	9171	1
1311	9737	1
1311	9833	1
1311	11172	1
1329	3871	1
1329	4251	1
1329	4634	1
1329	6215	6
1329	6292	1
1329	9165	5
1329	9630	2
1381	1961	3
1381	2299	1
1381	3140	1
1381	3143	1
1381	3149	1
1381	3426	1
1381	3871	1
1381	4222	1
1381	4235	1
1381	4675	1
1381	5972	1
1381	6215	7
1381	7040	1
1381	8522	2
1381	9165	5
1381	9639	1
1381	9833	1
1381	10109	1
1381	10135	1
1381	10828	1
1381	11022	1
1383	1780	1
1383	1961	4
1383	3149	1
1383	3425	1
1383	3587	1
1383	3872	1
1383	4225	3
1383	4239	2
1383	4380	1
1383	4632	1
1383	4633	1
1383	4678	3
1383	5316	1
1383	5972	3
1383	6152	1
1383	6215	17
1383	6522	1
1383	6530	1
1383	6789	3
1383	7033	1
1383	7072	1
1383	8236	1
1383	8340	1
1383	8522	8
1383	8533	3
1383	8667	1
1383	8717	1
1383	9045	1
1383	9139	1
1383	9165	25
1383	9630	1
1383	9680	1
1383	9737	1
1383	9813	1
1383	10136	1
1383	10834	1
1383	10940	2
1391	2338	1
1391	2352	1
1391	4008	1
1391	5390	1
1391	5972	1
1391	6061	1
1391	6215	3
1391	6246	1
1391	8717	1
1391	9045	2
1391	9165	5
1391	9564	1
1391	9763	1
1392	1471	5
1392	2342	5
1392	4668	5
1392	5152	5
1392	6047	5
1392	9165	5
1392	10150	5
1424	1530	2
1424	1773	1
1424	1961	1
1424	2299	1
1424	2338	1
1424	2711	2
1424	2739	1
1424	3349	2
1424	3397	1
1424	3518	1
1424	3687	1
1424	4169	1
1424	5598	1
1424	5972	1
1424	6215	5
1424	8160	1
1424	8264	2
1424	8331	1
1424	8340	1
1424	8522	1
1424	8588	1
1424	9045	1
1424	9128	1
1424	9165	5
1424	9630	1
1424	9763	1
1424	9768	1
1424	9833	1
1424	11254	1
1461	1961	1
1461	2283	1
1461	4657	1
1461	4678	1
1461	4944	1
1461	4970	1
1461	5345	1
1461	6215	5
1461	6540	1
1461	9103	1
1461	9165	3
1461	10159	1
1461	10765	2
1461	11124	1
1461	11229	2
1471	2342	5
1471	4668	5
1471	5152	5
1471	6047	5
1471	9165	5
1471	10150	5
1530	1773	2
1530	1865	1
1530	3143	1
1530	3231	1
1530	3349	1
1530	3723	1
1530	4411	3
1530	5972	1
1530	6215	8
1530	7085	1
1530	8098	1
1530	8264	1
1530	8340	1
1530	8522	1
1530	9165	9
1530	9833	1
1530	10388	1
1530	11254	1
1556	1925	1
1556	1957	1
1556	1961	4
1556	2338	1
1556	2888	1
1556	2901	1
1556	4582	1
1556	6215	7
1556	7072	1
1556	8554	1
1556	8741	1
1556	9011	1
1556	9165	7
1556	9833	1
1556	10530	1
1655	2299	1
1655	3349	1
1655	3404	1
1655	5972	1
1655	6053	1
1655	6215	3
1655	6246	1
1655	6559	1
1655	8533	1
1655	8540	1
1655	8549	1
1655	9165	4
1655	9639	1
1655	9763	1
1773	2338	1
1773	3143	1
1773	4169	1
1773	4411	1
1773	6215	5
1773	8098	1
1773	9045	1
1773	9165	5
1773	9763	1
1773	10959	1
1780	2299	1
1780	2327	1
1780	2888	1
1780	4222	1
1780	4634	1
1780	5152	1
1780	6161	1
1780	6215	5
1780	8239	1
1780	9165	6
1780	9630	1
1780	9664	1
1780	9763	1
1780	9775	1
1792	1919	1
1792	1957	1
1792	3143	1
1792	4139	1
1792	4309	1
1792	5101	1
1792	6215	3
1792	7040	1
1792	7176	1
1792	8717	1
1792	9165	2
1792	10579	2
1792	10636	4
1842	1892	1
1842	1961	1
1842	4183	1
1842	4872	1
1842	5624	1
1842	6215	4
1842	6568	1
1842	7802	1
1842	8098	1
1842	8340	1
1842	8544	1
1842	9165	5
1842	10708	1
1852	1957	1
1852	1961	13
1852	2047	1
1852	2299	2
1852	2338	1
1852	2739	1
1852	2866	1
1852	3211	1
1852	3483	1
1852	4302	1
1852	4615	1
1852	5280	1
1852	5316	1
1852	5699	1
1852	6215	18
1852	6246	1
1852	6437	1
1852	6498	1
1852	6514	1
1852	6921	1
1852	7044	1
1852	7450	1
1852	7802	1
1852	8098	1
1852	8112	1
1852	8115	1
1852	8272	1
1852	8340	1
1852	8522	1
1852	8667	1
1852	9040	1
1852	9165	15
1852	9775	1
1852	10806	1
1852	10834	1
1852	10884	1
1852	11254	1
1865	2299	1
1865	2342	1
1865	2519	1
1865	3143	1
1865	3371	1
1865	5152	1
1865	5345	1
1865	6215	14
1865	6257	1
1865	7800	1
1865	8588	1
1865	8874	1
1865	9165	11
1865	9544	1
1865	9564	1
1865	9676	1
1865	9773	1
1865	9783	1
1865	9833	2
1865	10388	2
1865	11229	1
1892	4411	1
1892	5390	1
1892	6215	6
1892	7072	2
1892	7076	1
1892	9165	7
1906	2283	2
1906	2866	1
1906	4038	2
1906	4634	1
1906	4675	1
1906	4676	1
1906	5605	1
1906	5640	1
1906	6215	9
1906	6559	1
1906	6932	1
1906	8340	1
1906	9165	3
1906	9775	1
1906	10708	1
1919	1961	4
1919	2110	1
1919	2240	3
1919	2299	3
1919	2338	1
1919	2692	1
1919	2888	3
1919	3082	1
1919	3251	1
1919	3349	1
1919	3601	1
1919	4183	1
1919	4388	2
1919	4657	1
1919	4673	2
1919	4675	1
1919	4676	2
1919	4678	1
1919	4690	1
1919	5101	4
1919	5117	1
1919	5293	1
1919	5338	1
1919	5631	1
1919	5761	1
1919	5959	1
1919	5972	11
1919	6053	1
1919	6215	20
1919	6246	1
1919	6437	2
1919	6552	1
1919	7072	2
1919	7397	2
1919	8022	1
1919	8239	1
1919	8240	1
1919	8522	2
1919	8549	3
1919	8560	1
1919	8588	1
1919	8717	2
1919	8874	1
1919	9045	4
1919	9165	42
1919	9494	1
1919	9609	1
1919	9618	1
1919	9763	2
1919	9775	1
1919	9813	1
1919	10135	1
1919	10136	1
1919	10388	1
1919	10427	2
1919	10804	1
1919	10848	1
1919	10959	1
1919	11037	1
1919	11172	1
1925	1961	3
1925	6215	4
1925	8731	1
1925	9165	3
1925	9630	3
1939	1961	1
1939	2299	1
1939	2692	2
1939	3404	1
1939	3529	1
1939	3789	1
1939	3954	1
1939	5467	1
1939	5972	4
1939	6215	2
1939	6932	1
1939	8207	1
1939	8717	1
1939	9165	2
1939	9283	1
1939	10848	1
1957	2299	7
1957	2327	1
1957	2504	1
1957	2888	1
1957	3203	2
1957	3336	1
1957	3349	2
1957	3356	1
1957	3427	1
1957	3452	1
1957	3503	1
1957	3529	1
1957	3642	1
1957	3719	1
1957	4159	1
1957	4380	1
1957	4582	4
1957	4673	1
1957	4678	1
1957	5199	1
1957	5268	1
1957	5600	2
1957	5972	3
1957	6215	23
1957	6437	1
1957	6540	1
1957	6548	1
1957	6559	3
1957	7040	1
1957	7060	1
1957	7072	1
1957	7076	1
1957	8160	1
1957	8179	1
1957	8206	1
1957	8522	5
1957	8563	1
1957	8564	1
1957	8588	1
1957	8717	1
1957	8775	1
1957	9165	28
1957	9224	2
1957	9382	1
1957	9494	1
1957	9618	1
1957	9763	3
1957	9783	1
1957	9821	1
1957	9833	1
1957	10086	1
1957	10265	1
1957	10287	1
1957	10388	2
1957	10579	1
1957	10708	1
1957	10834	1
1957	10848	1
1961	1985	1
1961	2000	2
1961	2009	4
1961	2013	3
1961	2016	2
1961	2062	3
1961	2077	6
1961	2088	8
1961	2110	5
1961	2184	2
1961	2187	3
1961	2254	1
1961	2299	71
1961	2313	3
1961	2327	1
1961	2338	24
1961	2342	2
1961	2344	2
1961	2352	3
1961	2355	3
1961	2519	1
1961	2578	2
1961	2619	3
1961	2692	3
1961	2697	1
1961	2711	3
1961	2739	3
1961	2860	3
1961	2866	2
1961	2874	3
1961	2888	27
1961	2901	2
1961	2909	3
1961	2916	3
1961	2923	1
1961	2928	1
1961	2934	4
1961	2951	1
1961	2973	2
1961	3139	3
1961	3140	2
1961	3143	17
1961	3203	3
1961	3211	2
1961	3231	4
1961	3251	2
1961	3336	3
1961	3349	10
1961	3356	5
1961	3371	13
1961	3378	1
1961	3397	1
1961	3399	2
1961	3404	6
1961	3422	17
1961	3425	7
1961	3426	4
1961	3452	1
1961	3482	1
1961	3483	7
1961	3503	2
1961	3505	1
1961	3518	1
1961	3522	2
1961	3528	1
1961	3529	19
1961	3601	4
1961	3642	4
1961	3667	3
1961	3687	1
1961	3719	3
1961	3723	4
1961	3727	3
1961	3789	1
1961	3799	1
1961	3871	2
1961	3933	4
1961	3954	1
1961	3961	1
1961	3991	6
1961	4008	1
1961	4038	1
1961	4063	2
1961	4129	1
1961	4139	2
1961	4167	1
1961	4169	4
1961	4183	1
1961	4222	4
1961	4225	1
1961	4235	1
1961	4251	6
1961	4258	1
1961	4279	4
1961	4283	1
1961	4302	8
1961	4309	1
1961	4361	8
1961	4373	4
1961	4384	2
1961	4388	3
1961	4411	8
1961	4445	1
1961	4480	1
1961	4582	9
1961	4607	8
1961	4615	4
1961	4625	8
1961	4634	1
1961	4659	4
1961	4668	1
1961	4673	5
1961	4675	10
1961	4676	4
1961	4678	4
1961	4838	5
1961	4853	3
1961	4872	1
1961	4940	2
1961	4944	1
1961	5049	2
1961	5117	1
1961	5152	2
1961	5189	1
1961	5268	7
1961	5280	2
1961	5293	8
1961	5312	4
1961	5313	3
1961	5314	5
1961	5316	3
1961	5317	2
1961	5345	6
1961	5380	1
1961	5387	3
1961	5390	1
1961	5410	2
1961	5488	1
1961	5541	2
1961	5583	1
1961	5594	1
1961	5600	4
1961	5605	8
1961	5615	1
1961	5618	3
1961	5636	1
1961	5699	11
1961	5761	1
1961	5789	1
1961	5862	3
1961	5879	1
1961	5959	1
1961	5972	28
1961	6037	1
1961	6041	4
1961	6061	1
1961	6066	3
1961	6152	3
1961	6161	1
1961	6215	490
1961	6219	1
1961	6229	8
1961	6231	5
1961	6246	1
1961	6256	4
1961	6257	1
1961	6287	5
1961	6289	6
1961	6292	1
1961	6314	1
1961	6396	2
1961	6401	1
1961	6437	3
1961	6514	1
1961	6522	1
1961	6524	2
1961	6540	3
1961	6548	3
1961	6559	7
1961	6568	4
1961	6624	1
1961	6658	1
1961	6921	1
1961	6932	1
1961	6982	1
1961	6983	3
1961	7033	3
1961	7040	1
1961	7044	3
1961	7053	6
1961	7058	1
1961	7066	1
1961	7072	9
1961	7073	2
1961	7074	2
1961	7076	7
1961	7085	1
1961	7087	1
1961	7176	1
1961	7196	6
1961	7268	2
1961	7359	4
1961	7397	1
1961	7421	2
1961	7450	3
1961	7475	1
1961	7724	7
1961	7729	2
1961	7754	2
1961	7802	2
1961	7848	4
1961	7907	2
1961	7927	1
1961	7968	2
1961	8018	1
1961	8020	1
1961	8052	4
1961	8057	3
1961	8070	1
1961	8098	43
1961	8114	2
1961	8115	4
1961	8133	5
1961	8136	6
1961	8160	1
1961	8179	5
1961	8206	1
1961	8240	1
1961	8251	1
1961	8272	1
1961	8329	2
1961	8331	2
1961	8340	18
1961	8407	2
1961	8442	2
1961	8466	2
1961	8522	33
1961	8540	2
1961	8544	3
1961	8547	3
1961	8549	10
1961	8552	2
1961	8560	10
1961	8563	10
1961	8564	3
1961	8588	3
1961	8595	4
1961	8667	12
1961	8699	2
1961	8717	6
1961	8731	4
1961	8741	2
1961	8775	3
1961	8872	1
1961	8874	1
1961	9103	1
1961	9128	5
1961	9165	639
1961	9171	3
1961	9329	5
1961	9382	1
1961	9432	1
1961	9494	2
1961	9544	3
1961	9546	6
1961	9564	1
1961	9571	3
1961	9583	2
1961	9601	2
1961	9609	5
1961	9614	1
1961	9630	4
1961	9639	1
1961	9656	1
1961	9676	3
1961	9680	1
1961	9751	3
1961	9763	31
1961	9768	5
1961	9771	5
1961	9775	7
1961	9783	1
1961	9821	3
1961	9833	8
1961	9936	3
1961	10086	4
1961	10096	7
1961	10109	8
1961	10136	1
1961	10146	1
1961	10159	2
1961	10287	4
1961	10337	1
1961	10388	4
1961	10395	1
1961	10427	5
1961	10530	2
1961	10579	2
1961	10636	2
1961	10693	4
1961	10708	2
1961	10760	1
1961	10806	4
1961	10826	2
1961	10828	1
1961	10834	1
1961	10848	2
1961	10905	2
1961	10930	4
1961	10940	2
1961	11022	4
1961	11028	1
1961	11037	5
1961	11066	2
1961	11124	2
1961	11172	3
1961	11229	1
1961	11254	5
1962	3139	1
1962	4225	1
1962	5631	1
1962	6215	5
1962	6229	1
1962	8522	1
1962	8563	1
1962	9165	4
1962	9664	1
1962	9768	1
1962	11037	1
1967	2299	1
1967	2338	1
1967	3371	1
1967	3693	1
1967	6215	3
1967	6982	1
1967	7724	2
1967	8522	1
1967	8667	1
1967	9165	6
1967	9763	1
1973	2016	1
1973	2077	1
1973	2888	1
1973	3961	1
1973	4169	1
1973	4633	1
1973	6215	9
1973	6246	1
1973	6396	1
1973	7053	1
1973	8098	1
1973	8112	1
1973	8563	1
1973	9165	6
1973	9618	1
1973	9771	1
1973	10884	2
1980	2299	1
1980	3349	1
1980	3371	1
1980	5380	1
1980	5972	1
1980	6215	5
1980	6289	1
1980	8022	1
1980	9165	4
1980	9763	1
1985	2299	2
1985	2888	1
1985	2901	1
1985	3349	1
1985	3667	1
1985	3687	2
1985	4940	1
1985	5293	1
1985	5699	1
1985	6066	1
1985	6215	5
1985	7729	1
1985	8098	1
1985	8234	1
1985	8236	1
1985	8239	1
1985	8522	1
1985	9165	7
1985	11172	3
2000	3045	1
2000	5001	1
2000	5312	1
2000	5313	1
2000	6215	3
2000	8098	1
2000	8874	1
2000	9165	5
2000	9763	1
2000	10427	1
2009	2342	1
2009	3642	1
2009	4411	1
2009	4615	1
2009	4678	1
2009	4853	1
2009	6161	1
2009	6215	3
2009	7033	1
2009	7058	1
2009	7072	1
2009	8340	1
2009	8522	1
2009	8563	1
2009	9165	6
2009	9833	1
2009	9936	1
2009	10940	1
2013	2299	1
2013	4615	1
2013	5312	1
2013	5972	1
2013	6215	6
2013	6231	1
2013	7268	1
2013	8098	1
2013	9165	6
2013	10109	1
2016	2901	1
2016	3349	1
2016	4139	1
2016	6215	10
2016	6552	1
2016	7154	1
2016	7754	1
2016	8699	1
2016	9165	8
2016	10388	1
2016	10579	1
2016	10636	1
2016	10826	1
2016	11022	1
2024	2327	1
2024	3371	1
2024	3528	1
2024	3719	1
2024	3723	1
2024	5293	1
2024	6215	6
2024	7754	1
2024	8098	1
2024	8549	1
2024	9165	7
2024	9768	2
2024	9783	1
2024	10337	1
2047	3211	2
2047	4361	1
2047	4673	1
2047	4676	1
2047	5312	1
2047	6215	2
2047	6231	1
2047	7072	1
2047	7927	1
2047	8114	1
2047	8741	1
2047	9165	2
2047	9763	1
2062	2299	1
2062	2916	1
2062	4838	1
2062	6215	8
2062	7066	1
2062	8442	1
2062	8731	1
2062	9165	8
2062	10395	1
2077	2866	1
2077	2888	1
2077	3143	2
2077	4872	1
2077	5049	1
2077	5268	1
2077	5280	1
2077	5293	1
2077	5314	1
2077	5972	1
2077	6215	6
2077	7040	1
2077	7053	1
2077	7076	1
2077	8264	1
2077	8552	1
2077	8564	2
2077	8872	1
2077	9165	12
2077	9171	1
2077	10834	1
2077	11172	1
2088	2313	1
2088	3422	2
2088	3425	6
2088	3426	1
2088	3502	2
2088	3528	1
2088	5189	2
2088	5280	1
2088	5293	1
2088	6215	19
2088	6540	1
2088	7072	2
2088	7729	2
2088	7848	1
2088	8098	1
2088	8522	3
2088	8874	1
2088	9165	13
2088	9630	4
2088	11172	1
2110	3404	1
2110	4411	1
2110	6215	3
2110	6932	1
2110	8522	1
2110	8717	1
2110	9165	7
2110	9763	1
2110	9936	1
2171	2860	1
2171	3203	1
2171	4361	1
2171	4411	1
2171	5761	1
2171	6215	5
2171	6498	2
2171	7072	1
2171	7073	1
2171	7802	1
2171	8466	1
2171	9165	2
2171	10265	1
2184	2299	4
2184	3349	1
2184	3422	1
2184	3426	1
2184	4630	1
2184	4673	1
2184	4675	1
2184	4678	1
2184	6066	1
2184	6161	1
2184	6215	6
2184	6530	1
2184	7073	1
2184	8098	1
2184	8563	1
2184	9139	1
2184	9165	8
2184	9676	1
2184	9833	1
2184	10940	5
2187	2299	1
2187	5380	1
2187	5862	1
2187	6215	2
2187	6314	1
2187	6540	1
2187	7053	1
2187	7073	1
2187	7087	1
2187	7450	1
2187	8179	1
2187	8340	1
2187	8522	2
2187	9165	5
2187	9771	1
2187	10135	1
2240	3082	1
2240	3143	1
2240	3425	1
2240	5101	2
2240	5317	1
2240	5338	1
2240	6215	5
2240	7397	1
2240	8239	2
2240	9045	1
2240	9165	5
2240	9763	1
2240	9768	1
2240	9775	1
2240	10760	2
2254	4411	1
2254	4582	1
2254	5001	1
2254	6215	2
2254	7076	1
2254	8560	1
2254	9165	5
2254	9564	1
2254	9639	1
2254	10287	1
2283	2299	2
2283	2338	2
2283	2344	1
2283	2888	1
2283	3399	1
2283	3413	1
2283	3425	1
2283	4038	2
2283	4388	1
2283	4675	1
2283	4970	1
2283	5605	1
2283	5618	1
2283	5624	1
2283	5636	1
2283	5640	1
2283	6061	1
2283	6215	9
2283	6524	1
2283	6552	1
2283	8340	1
2283	8522	1
2283	8766	1
2283	8775	1
2283	9165	10
2283	9656	1
2283	11229	1
2283	11254	1
2299	2338	1
2299	2711	4
2299	2866	4
2299	2888	12
2299	2901	3
2299	2928	1
2299	2934	1
2299	3140	1
2299	3143	5
2299	3203	1
2299	3231	1
2299	3276	1
2299	3336	2
2299	3349	9
2299	3356	1
2299	3371	6
2299	3378	2
2299	3397	3
2299	3404	2
2299	3413	3
2299	3422	3
2299	3425	2
2299	3503	1
2299	3505	1
2299	3511	2
2299	3518	1
2299	3529	2
2299	3587	1
2299	3601	1
2299	3687	1
2299	3714	1
2299	3719	2
2299	3723	2
2299	3871	1
2299	3872	2
2299	3933	1
2299	3954	2
2299	4038	7
2299	4063	2
2299	4139	2
2299	4183	1
2299	4222	1
2299	4225	1
2299	4251	7
2299	4279	4
2299	4283	2
2299	4302	1
2299	4361	1
2299	4388	1
2299	4411	1
2299	4480	1
2299	4582	6
2299	4607	2
2299	4615	3
2299	4625	2
2299	4630	2
2299	4657	1
2299	4673	3
2299	4676	4
2299	4690	2
2299	4838	2
2299	4853	2
2299	4938	1
2299	4940	1
2299	4944	1
2299	4970	2
2299	5152	1
2299	5268	1
2299	5380	2
2299	5387	6
2299	5390	2
2299	5600	1
2299	5605	2
2299	5618	1
2299	5631	1
2299	5636	1
2299	5640	1
2299	5972	5
2299	6001	2
2299	6061	1
2299	6066	7
2299	6161	1
2299	6215	124
2299	6219	1
2299	6229	3
2299	6231	2
2299	6246	1
2299	6256	1
2299	6257	1
2299	6287	2
2299	6289	3
2299	6292	2
2299	6396	5
2299	6437	2
2299	6514	1
2299	6530	2
2299	6545	1
2299	6559	2
2299	6568	1
2299	6624	2
2299	6898	1
2299	6982	3
2299	7040	4
2299	7053	1
2299	7072	5
2299	7073	3
2299	7074	1
2299	7076	1
2299	7421	1
2299	7450	2
2299	7800	1
2299	7802	1
2299	7968	1
2299	8018	1
2299	8020	2
2299	8022	2
2299	8057	1
2299	8070	1
2299	8079	2
2299	8098	7
2299	8179	2
2299	8206	1
2299	8234	3
2299	8239	3
2299	8264	1
2299	8331	2
2299	8340	14
2299	8522	7
2299	8533	1
2299	8549	1
2299	8560	3
2299	8563	1
2299	8564	2
2299	8667	1
2299	8699	5
2299	8717	5
2299	8731	2
2299	8775	3
2299	8874	1
2299	9045	1
2299	9165	160
2299	9171	3
2299	9382	1
2299	9546	4
2299	9583	1
2299	9601	2
2299	9630	1
2299	9656	1
2299	9676	1
2299	9737	1
2299	9763	8
2299	9768	5
2299	9771	2
2299	9775	1
2299	9783	1
2299	9813	3
2299	9833	2
2299	10086	2
2299	10096	1
2299	10388	4
2299	10395	2
2299	10806	1
2299	10834	1
2299	10846	1
2299	10930	1
2299	10940	1
2299	11022	3
2299	11066	2
2299	11124	3
2299	11172	1
2299	11254	1
2312	2338	1
2312	3251	1
2312	3276	1
2312	4676	1
2312	5541	1
2312	5761	1
2312	6215	6
2312	6589	1
2312	7040	1
2312	8098	1
2312	8207	1
2312	8340	1
2312	8554	1
2312	8775	1
2312	9165	7
2312	9546	1
2312	9680	1
2312	10616	1
2312	10940	1
2312	10959	1
2313	3518	1
2313	3872	1
2313	4411	1
2313	5627	1
2313	5862	1
2313	6215	7
2313	7087	1
2313	7729	1
2313	9103	1
2313	9165	11
2313	9768	1
2313	9775	1
2313	9833	1
2313	10388	1
2313	11172	1
2327	4222	1
2327	4673	1
2327	6215	2
2327	7044	1
2327	8340	1
2327	8522	1
2327	9165	5
2327	9583	1
2327	10388	1
2338	2352	1
2338	2692	1
2338	2860	1
2338	2916	1
2338	3211	1
2338	3276	3
2338	3349	3
2338	3356	1
2338	3391	1
2338	3422	1
2338	3425	1
2338	3505	1
2338	3511	1
2338	3714	1
2338	3829	1
2338	4129	1
2338	4167	1
2338	4169	1
2338	4411	3
2338	4607	1
2338	4615	1
2338	4625	4
2338	4673	1
2338	4675	3
2338	4676	1
2338	4678	2
2338	4690	1
2338	4944	1
2338	5293	1
2338	5390	2
2338	5583	1
2338	5636	1
2338	5640	1
2338	5646	1
2338	5785	1
2338	5972	2
2338	6061	3
2338	6152	1
2338	6215	34
2338	6219	1
2338	6229	1
2338	6231	1
2338	6246	2
2338	6257	1
2338	6289	1
2338	6396	1
2338	6530	1
2338	6545	1
2338	6658	1
2338	6921	1
2338	7072	1
2338	7073	1
2338	7907	1
2338	8114	1
2338	8234	1
2338	8251	1
2338	8331	1
2338	8340	5
2338	8522	3
2338	8560	1
2338	8563	1
2338	8717	2
2338	8741	2
2338	8766	1
2338	8775	1
2338	9045	2
2338	9103	1
2338	9165	58
2338	9435	1
2338	9564	3
2338	9664	1
2338	9672	2
2338	9763	3
2338	9771	1
2338	9775	1
2338	9833	1
2338	10388	2
2338	10693	1
2338	10884	1
2338	11229	2
2338	11254	4
2342	4167	1
2342	4668	5
2342	5152	5
2342	6047	5
2342	6215	3
2342	8522	1
2342	9165	11
2342	9833	1
2342	9936	1
2342	10150	5
2344	3371	1
2344	4388	1
2344	4659	1
2344	6215	3
2344	8340	1
2344	9165	5
2344	11254	2
2352	3422	1
2352	3529	1
2352	4008	1
2352	5390	1
2352	6215	3
2352	8741	1
2352	9165	3
2352	9783	1
2355	3483	2
2355	3723	1
2355	4139	1
2355	4388	1
2355	4675	1
2355	5268	1
2355	6215	3
2355	8098	1
2355	8560	1
2355	9165	4
2355	9763	1
2504	3399	1
2504	3422	1
2504	4159	1
2504	4380	1
2504	4673	1
2504	5972	1
2504	6215	2
2504	6530	2
2504	6548	1
2504	8234	1
2504	8522	1
2504	9165	6
2504	9224	1
2504	9614	3
2504	10530	1
2519	3143	1
2519	4279	1
2519	6215	4
2519	6257	1
2519	7058	1
2519	8098	1
2519	8340	1
2519	8564	1
2519	9165	3
2519	9583	1
2519	9783	1
2578	2934	1
2578	3203	1
2578	5345	1
2578	6215	1
2578	7073	1
2578	8717	1
2578	8880	1
2578	9165	4
2578	10146	1
2619	4582	1
2619	4675	1
2619	6215	3
2619	6437	1
2619	7754	1
2619	9165	5
2692	3203	1
2692	3954	1
2692	4634	1
2692	4675	1
2692	4872	1
2692	5293	1
2692	5583	1
2692	5640	1
2692	5972	4
2692	6001	1
2692	6215	1
2692	6314	1
2692	6589	1
2692	6932	1
2692	7421	1
2692	7848	1
2692	8207	1
2692	8522	1
2692	8588	1
2692	8717	5
2692	9040	1
2692	9165	17
2692	9283	1
2692	9763	2
2692	9775	1
2692	9833	1
2692	10806	1
2692	10848	1
2692	10940	1
2697	3872	1
2697	4222	1
2697	4582	1
2697	4607	1
2697	4675	1
2697	4676	2
2697	4944	1
2697	6161	1
2697	6215	1
2697	8207	1
2697	8522	1
2697	9165	1
2697	10940	3
2711	3518	1
2711	3714	1
2711	4008	2
2711	5600	1
2711	5972	2
2711	6061	1
2711	6215	9
2711	6982	1
2711	8264	1
2711	8331	1
2711	8340	3
2711	8522	1
2711	9165	10
2711	9768	2
2711	10930	1
2739	2888	1
2739	4388	1
2739	4411	1
2739	5268	1
2739	6215	3
2739	7072	2
2739	9165	3
2739	10826	2
2860	3203	1
2860	3714	1
2860	4678	1
2860	5699	1
2860	5761	1
2860	7073	1
2860	7196	3
2860	7802	1
2860	8466	1
2860	8667	1
2860	9165	2
2866	2888	1
2866	3143	2
2866	3356	1
2866	3719	1
2866	4038	2
2866	4167	1
2866	4279	1
2866	4582	1
2866	4615	1
2866	4673	1
2866	5268	1
2866	5605	1
2866	5636	2
2866	6066	1
2866	6215	13
2866	6437	1
2866	7040	1
2866	7072	1
2866	7301	1
2866	7421	1
2866	8202	1
2866	8340	1
2866	8522	1
2866	8540	1
2866	8549	2
2866	8552	1
2866	8560	3
2866	8563	1
2866	8564	1
2866	9045	1
2866	9165	18
2866	9614	1
2866	9773	1
2866	9833	1
2866	10693	1
2866	10930	1
2874	2923	1
2874	3954	1
2874	4615	2
2874	6215	2
2874	8549	1
2874	9165	4
2874	9544	1
2874	9771	1
2888	2901	1
2888	2934	2
2888	3143	4
2888	3203	1
2888	3349	3
2888	3356	2
2888	3391	1
2888	3422	2
2888	3511	1
2888	3522	1
2888	3529	2
2888	3871	2
2888	3991	1
2888	4169	1
2888	4251	1
2888	4258	1
2888	4380	1
2888	4411	1
2888	4582	2
2888	4630	1
2888	4657	2
2888	4659	1
2888	4673	1
2888	4678	1
2888	4872	1
2888	4944	1
2888	5117	2
2888	5152	2
2888	5199	1
2888	5268	3
2888	5338	2
2888	5345	3
2888	5380	1
2888	5467	1
2888	5699	1
2888	5972	1
2888	6041	2
2888	6066	2
2888	6215	57
2888	6229	1
2888	6246	1
2888	6396	1
2888	6559	8
2888	6568	4
2888	6667	2
2888	7033	1
2888	7040	2
2888	7073	1
2888	7076	1
2888	7848	1
2888	8052	1
2888	8098	2
2888	8179	1
2888	8206	1
2888	8239	1
2888	8251	1
2888	8264	2
2888	8340	1
2888	8522	1
2888	8540	2
2888	8552	1
2888	8731	1
2888	8741	1
2888	9045	1
2888	9103	1
2888	9128	1
2888	9165	43
2888	9171	1
2888	9432	1
2888	9544	1
2888	9656	1
2888	9743	1
2888	9768	1
2888	9783	1
2888	10086	1
2888	10096	1
2888	10159	1
2888	10287	1
2888	10337	1
2888	10388	3
2888	10395	1
2888	10819	2
2888	10826	1
2888	10834	1
2888	11066	1
2901	3203	1
2901	3349	1
2901	3687	1
2901	4361	1
2901	4582	1
2901	5761	1
2901	6066	1
2901	6215	5
2901	6229	2
2901	8098	1
2901	8522	1
2901	8554	1
2901	8741	1
2901	9165	1
2901	9601	1
2901	9833	1
2901	10086	1
2901	10146	1
2909	3371	1
2909	4675	1
2909	4838	1
2909	6215	3
2909	6983	2
2909	7060	1
2909	7072	1
2909	7421	1
2909	9165	3
2909	10086	1
2909	10287	1
2916	3502	1
2916	3687	1
2916	5293	1
2916	6215	3
2916	8407	1
2916	8549	1
2916	8731	1
2916	9165	5
2916	9618	1
2916	9833	1
2916	10287	1
2916	10530	1
2923	3719	1
2923	3954	1
2923	3991	1
2923	4008	1
2923	4445	1
2923	4615	1
2923	4625	1
2923	5049	1
2923	5268	1
2923	5627	1
2923	6215	3
2923	8522	1
2923	8544	1
2923	8549	1
2923	9165	6
2928	2934	1
2928	2951	1
2928	3397	1
2928	4411	1
2928	5636	1
2928	6037	1
2928	6215	6
2928	8098	1
2928	9165	2
2934	3143	1
2934	3203	1
2934	3378	1
2934	3529	1
2934	5345	1
2934	6037	1
2934	6215	4
2934	6396	1
2934	6983	1
2934	8052	1
2934	8179	1
2934	9103	1
2934	9165	7
2934	9833	1
2934	10395	1
2951	3391	2
2951	4159	1
2951	4169	1
2951	4380	1
2951	6215	6
2951	9165	4
2973	3503	1
2973	5598	1
2973	5972	1
2973	6215	5
2973	6589	2
2973	8667	1
2973	9165	5
2973	9601	1
2973	9676	1
2973	9833	1
2973	10287	1
3045	3522	1
3045	5280	2
3045	5313	1
3045	5317	1
3045	6215	2
3045	6624	1
3045	8098	1
3045	8872	1
3045	8874	1
3045	9165	3
3082	5615	1
3082	5972	1
3082	6215	4
3082	6437	3
3082	8251	1
3082	8717	1
3082	9103	1
3082	9165	6
3082	9833	1
3082	10806	1
3139	3529	1
3139	3687	1
3139	3991	1
3139	4673	1
3139	4675	1
3139	5268	1
3139	5972	1
3139	6215	6
3139	7724	1
3139	8522	2
3139	8533	1
3139	9165	5
3139	10109	1
3139	11037	1
3139	11124	1
3140	3149	1
3140	3693	1
3140	4222	1
3140	4582	1
3140	5631	1
3140	5879	1
3140	5972	1
3140	6215	4
3140	7033	1
3140	7044	1
3140	7076	1
3140	8202	1
3140	8240	1
3140	8340	1
3140	8522	2
3140	9165	3
3140	9614	1
3140	9763	1
3140	10109	1
3140	10828	1
3140	11037	1
3140	11124	1
3143	3336	2
3143	3356	1
3143	3371	2
3143	3397	1
3143	3422	1
3143	3425	1
3143	3452	1
3143	3483	1
3143	3667	1
3143	3719	1
3143	3799	2
3143	3991	1
3143	4139	1
3143	4279	3
3143	4361	2
3143	4380	1
3143	4392	1
3143	4411	2
3143	4607	1
3143	4633	1
3143	5199	1
3143	5268	1
3143	5280	1
3143	5314	1
3143	5387	1
3143	5410	1
3143	5541	1
3143	5615	1
3143	5627	1
3143	5636	1
3143	5646	1
3143	5699	2
3143	5972	2
3143	6001	1
3143	6053	2
3143	6152	1
3143	6215	48
3143	6219	1
3143	6229	2
3143	6257	1
3143	6396	1
3143	6401	1
3143	6530	1
3143	6559	4
3143	6568	3
3143	7060	1
3143	7085	2
3143	7087	1
3143	7176	1
3143	7729	1
3143	7800	1
3143	8098	4
3143	8112	1
3143	8234	2
3143	8239	3
3143	8329	1
3143	8466	1
3143	8522	2
3143	8540	1
3143	8552	1
3143	8560	1
3143	8564	1
3143	8595	1
3143	8667	1
3143	8872	1
3143	9165	42
3143	9571	1
3143	9646	1
3143	9680	1
3143	9763	6
3143	9768	1
3143	9783	1
3143	10086	1
3143	10388	1
3143	10579	1
3143	10616	2
3143	10636	1
3143	10848	1
3143	10905	1
3149	5189	1
3149	6215	3
3149	6246	1
3149	8533	1
3149	9165	3
3149	10109	1
3149	10828	1
3203	3349	1
3203	3397	1
3203	3402	1
3203	3452	2
3203	3505	1
3203	4008	1
3203	4235	1
3203	4582	1
3203	5345	1
3203	5761	2
3203	5972	1
3203	6041	1
3203	6215	10
3203	6292	1
3203	6568	1
3203	7073	1
3203	7802	2
3203	8098	2
3203	8560	1
3203	8588	1
3203	8775	1
3203	9040	1
3203	9165	13
3203	9171	1
3203	9601	1
3203	10159	1
3203	10265	2
3203	10287	1
3203	10828	1
3203	10930	1
3203	11022	1
3211	4361	1
3211	4676	1
3211	4690	1
3211	6215	3
3211	6231	1
3211	7927	1
3211	9165	3
3231	3276	1
3231	3422	1
3231	4384	1
3231	4411	1
3231	4678	1
3231	5605	1
3231	6215	3
3231	8549	1
3231	8717	1
3231	9165	7
3251	3391	1
3251	4283	1
3251	5488	1
3251	5972	1
3251	6215	3
3251	7724	1
3251	9165	4
3251	10959	1
3276	4361	1
3276	4675	1
3276	5761	1
3276	6215	3
3276	6289	1
3276	6559	1
3276	6667	1
3276	7087	1
3276	8340	1
3276	9165	6
3276	11254	1
3336	3356	2
3336	3505	1
3336	3799	1
3336	6215	4
3336	6229	1
3336	6287	1
3336	6568	2
3336	8052	1
3336	8098	1
3336	9165	2
3349	3356	1
3349	3397	2
3349	3422	1
3349	3425	1
3349	3426	1
3349	3427	1
3349	3483	1
3349	3719	2
3349	3829	1
3349	4392	1
3349	4411	2
3349	4582	2
3349	4625	1
3349	4633	1
3349	4673	1
3349	4678	1
3349	5338	2
3349	5380	1
3349	5387	1
3349	5605	1
3349	5785	1
3349	5972	1
3349	6215	29
3349	6219	1
3349	6287	1
3349	6401	1
3349	6552	2
3349	6559	1
3349	6568	2
3349	7044	1
3349	7072	2
3349	7076	1
3349	7450	1
3349	7475	1
3349	7802	1
3349	7907	1
3349	8052	1
3349	8098	1
3349	8331	1
3349	8340	2
3349	8522	2
3349	8563	1
3349	8588	1
3349	8699	4
3349	8741	1
3349	8775	1
3349	9103	1
3349	9165	33
3349	9329	1
3349	9435	1
3349	9743	1
3349	9763	1
3349	9768	1
3349	9833	1
3349	9936	1
3349	10388	1
3349	10940	1
3349	11022	1
3356	3719	1
3356	5152	1
3356	6215	11
3356	6287	1
3356	6559	1
3356	7040	1
3356	8052	1
3356	8560	1
3356	9165	6
3356	10884	1
3356	11022	1
3371	3422	1
3371	3693	1
3371	3714	1
3371	4251	1
3371	4279	1
3371	4388	1
3371	4625	1
3371	4675	1
3371	5390	1
3371	6215	16
3371	6231	1
3371	6396	1
3371	7073	1
3371	7800	1
3371	8079	1
3371	8098	1
3371	8560	1
3371	8588	1
3371	8667	2
3371	9165	18
3371	9329	1
3371	9601	1
3371	9672	1
3371	9763	1
3371	9768	1
3371	10388	1
3371	11037	3
3371	11254	1
3378	3402	1
3378	3422	1
3378	3426	1
3378	3714	1
3378	3719	1
3378	4373	1
3378	5259	1
3378	5972	1
3378	6215	8
3378	6292	1
3378	6983	1
3378	7802	1
3378	8179	1
3378	8206	1
3378	8340	1
3378	8533	1
3378	9165	6
3378	9546	1
3378	9609	1
3378	9763	2
3378	9775	1
3378	9833	1
3378	10388	1
3378	11254	1
3391	3452	1
3391	4159	1
3391	4380	1
3391	4675	1
3391	5467	1
3391	6215	9
3391	6568	1
3391	8340	1
3391	9165	5
3397	3402	1
3397	3404	1
3397	3954	1
3397	4251	1
3397	4258	1
3397	4361	2
3397	6215	6
3397	6559	1
3397	7040	1
3397	8588	1
3397	9165	4
3399	3482	1
3399	4659	1
3399	5605	1
3399	6215	6
3399	6552	1
3399	8098	1
3399	9656	1
3399	10388	1
3402	3667	1
3402	4169	1
3402	4675	1
3402	6215	4
3402	6396	1
3402	7053	2
3402	7060	1
3402	7085	1
3402	9165	5
3404	3789	1
3404	3954	1
3404	4676	1
3404	5972	1
3404	6215	6
3404	6524	1
3404	6545	1
3404	7040	1
3404	7848	1
3404	8115	1
3404	8522	1
3404	8549	1
3404	9165	11
3404	9329	1
3404	10693	1
3404	10959	1
3413	4970	1
3413	5972	2
3413	6215	1
3413	6548	1
3413	8234	1
3413	8239	1
3413	9165	3
3422	3511	1
3422	3829	1
3422	4169	1
3422	4251	1
3422	4625	1
3422	4673	1
3422	4676	1
3422	4678	1
3422	5314	1
3422	5345	1
3422	5785	1
3422	5972	2
3422	6215	7
3422	6289	1
3422	6552	1
3422	7421	1
3422	7927	1
3422	8098	1
3422	8115	1
3422	8522	2
3422	8547	1
3422	8667	2
3422	8717	1
3422	8731	1
3422	9165	27
3422	9630	2
3422	9763	1
3422	9768	1
3422	9773	1
3422	10146	1
3422	10806	1
3422	11037	1
3425	3601	1
3425	3693	1
3425	4625	1
3425	4675	2
3425	5280	1
3425	5293	1
3425	5317	1
3425	5605	1
3425	5785	1
3425	5972	2
3425	6215	9
3425	6530	1
3425	7044	1
3425	8234	1
3425	8236	1
3425	8522	3
3425	8717	1
3425	8741	1
3425	8766	1
3425	9165	16
3425	9614	1
3425	9630	2
3425	9936	1
3425	11124	1
3426	4159	1
3426	4361	1
3426	4630	1
3426	4673	1
3426	5624	1
3426	5972	5
3426	6215	4
3426	6292	1
3426	6524	1
3426	6548	1
3426	8331	1
3426	8522	3
3426	9165	6
3426	9773	1
3426	10135	1
3426	10940	1
3426	11022	1
3426	11172	1
3427	3529	1
3427	5624	1
3427	6215	2
3427	8522	1
3427	8544	1
3427	8549	1
3427	8717	1
3427	9165	5
3427	9171	1
3452	4582	1
3452	5627	1
3452	6215	5
3452	7076	1
3452	8098	1
3452	9165	2
3452	10159	1
3452	10287	1
3482	4392	1
3482	5410	1
3482	6215	7
3482	8133	1
3482	9165	3
3482	9630	1
3482	9768	1
3482	10109	2
3483	3601	1
3483	4251	1
3483	4279	1
3483	4302	1
3483	4361	1
3483	4411	1
3483	4944	1
3483	5313	1
3483	6215	19
3483	6514	1
3483	7058	1
3483	8098	4
3483	8114	1
3483	8331	1
3483	8522	1
3483	8547	1
3483	9040	1
3483	9128	1
3483	9165	18
3483	9630	1
3483	9656	2
3483	9763	1
3483	10096	1
3483	10109	1
3502	3522	1
3502	3687	1
3502	4675	1
3502	5338	1
3502	6215	6
3502	6552	1
3502	8549	1
3502	9165	3
3502	9618	1
3502	10530	2
3503	5972	1
3503	6215	3
3503	6314	1
3503	6524	1
3503	6548	1
3503	9165	5
3503	11066	1
3505	4872	1
3505	5410	1
3505	6016	2
3505	6215	2
3505	6396	1
3505	6552	1
3505	7802	2
3505	8098	1
3505	9165	2
3505	9435	1
3511	3529	1
3511	4678	1
3511	6215	6
3511	6530	1
3511	8340	1
3511	8775	1
3511	9165	9
3511	9680	1
3511	9773	1
3518	5627	1
3518	6215	2
3518	7053	1
3518	7066	1
3518	7085	1
3518	7176	1
3518	9011	1
3518	9045	1
3518	9103	1
3518	9165	4
3518	9646	1
3518	10530	1
3518	10804	1
3518	10905	1
3522	4302	1
3522	4392	1
3522	5049	1
3522	5280	1
3522	5338	1
3522	6215	11
3522	7076	1
3522	8407	1
3522	8563	1
3522	8872	1
3522	9165	7
3522	9171	1
3522	10287	1
3528	4235	2
3528	6215	3
3528	8133	1
3528	8522	3
3528	9165	3
3528	9630	2
3528	9737	1
3529	4129	1
3529	4239	1
3529	4258	1
3529	4388	1
3529	4411	1
3529	4582	1
3529	4607	2
3529	4678	1
3529	4853	1
3529	5117	1
3529	5583	1
3529	5761	1
3529	6215	30
3529	6229	1
3529	6289	1
3529	6524	1
3529	6530	2
3529	6548	1
3529	6568	2
3529	7072	1
3529	7073	1
3529	7074	1
3529	7076	2
3529	7450	1
3529	7724	1
3529	8098	5
3529	8112	1
3529	8114	1
3529	8133	1
3529	8340	2
3529	8522	4
3529	8544	1
3529	8549	1
3529	8741	1
3529	9165	28
3529	9171	1
3529	9609	1
3529	9639	1
3529	9763	2
3529	9771	1
3529	9833	1
3529	9936	1
3529	10086	1
3529	10096	2
3529	10804	1
3529	10834	1
3587	3872	4
3587	4225	1
3587	4632	1
3587	6215	3
3587	6314	1
3587	7074	1
3587	8522	2
3587	9165	4
3601	4676	1
3601	5972	1
3601	6215	7
3601	6559	2
3601	8340	1
3601	8699	1
3601	8717	1
3601	8874	1
3601	9165	5
3601	10109	1
3601	10388	1
3642	4388	1
3642	5268	2
3642	5699	1
3642	6215	5
3642	6540	1
3642	7058	1
3642	7074	1
3642	7076	1
3642	7176	1
3642	8522	2
3642	8563	1
3642	9165	14
3642	9618	1
3667	4380	1
3667	5699	3
3667	6215	3
3667	7053	1
3667	7060	1
3667	7802	1
3667	8667	1
3667	9165	6
3687	3991	1
3687	4063	1
3687	4102	1
3687	5259	1
3687	5268	1
3687	5280	1
3687	5761	1
3687	5972	1
3687	6215	8
3687	6292	1
3687	7085	1
3687	7176	1
3687	8018	1
3687	8549	1
3687	8610	2
3687	8717	1
3687	8874	1
3687	9165	12
3687	9618	1
3687	9797	1
3687	10146	1
3687	10530	1
3687	10760	1
3687	11172	2
3693	5293	1
3693	5390	1
3693	6215	4
3693	6396	1
3693	6530	1
3693	8272	1
3693	8667	1
3693	9165	5
3693	9646	1
3714	4279	1
3714	4678	1
3714	6053	1
3714	6215	3
3714	8098	1
3714	8544	1
3714	9165	6
3714	10388	1
3719	3991	2
3719	4625	2
3719	4838	1
3719	5605	1
3719	6215	8
3719	6437	1
3719	6548	1
3719	8098	1
3719	8179	1
3719	8549	1
3719	8560	2
3719	8563	1
3719	9165	8
3719	9768	1
3719	10395	1
3723	4411	1
3723	4678	1
3723	5390	1
3723	6001	1
3723	6215	2
3723	6289	1
3723	8560	1
3723	8717	1
3723	9165	6
3723	10337	1
3723	10388	1
3727	3871	1
3727	4222	1
3727	4235	1
3727	5972	2
3727	6215	3
3727	6548	2
3727	7074	2
3727	7087	1
3727	7450	1
3727	7754	1
3727	9165	6
3727	10905	1
3789	5972	1
3789	6215	2
3789	7053	1
3789	9165	5
3789	10530	1
3799	5583	1
3799	5699	1
3799	6215	4
3799	6229	1
3799	6568	1
3799	9165	4
3799	9763	1
3829	4380	1
3829	5785	1
3829	6215	4
3829	6522	1
3829	6530	1
3829	6552	1
3829	7907	1
3829	8251	1
3829	9165	3
3871	4167	1
3871	4222	1
3871	4582	1
3871	4630	1
3871	4676	1
3871	5972	2
3871	6066	1
3871	6161	1
3871	6215	4
3871	6624	1
3871	9165	7
3871	9639	1
3871	10159	1
3871	10287	2
3871	10905	1
3872	4225	1
3872	4675	1
3872	6215	3
3872	6314	1
3872	7074	1
3872	8522	4
3872	9165	7
3872	9614	1
3872	10940	1
3933	4251	1
3933	5488	1
3933	5594	1
3933	6037	1
3933	6215	6
3933	9165	8
3933	9283	1
3933	9775	1
3933	10846	1
3954	4615	1
3954	5467	1
3954	5972	1
3954	6215	2
3954	6231	1
3954	6568	1
3954	6932	1
3954	7040	1
3954	8717	1
3954	9165	3
3954	9283	1
3954	9763	1
3954	10159	1
3961	4008	1
3961	4633	1
3961	4676	1
3961	5117	1
3961	5631	1
3961	6215	2
3961	8340	1
3961	9165	5
3961	9763	1
3991	4038	1
3991	4167	1
3991	4169	2
3991	4361	1
3991	4388	1
3991	5387	1
3991	5605	1
3991	5972	1
3991	6215	8
3991	6898	1
3991	6932	1
3991	7072	1
3991	8136	2
3991	8522	1
3991	8717	1
3991	9165	8
3991	9283	1
3991	9743	1
3991	9751	1
3991	10616	1
4008	4445	1
4008	4625	1
4008	5390	1
4008	6215	4
4008	6552	1
4008	9165	5
4008	9783	1
4008	10930	1
4008	11022	1
4038	4167	1
4038	4411	1
4038	4615	1
4038	4625	1
4038	4675	1
4038	5387	1
4038	5605	1
4038	5618	1
4038	5624	1
4038	5636	1
4038	5640	1
4038	6215	11
4038	6524	1
4038	6552	1
4038	6559	1
4038	6898	1
4038	7268	1
4038	8340	1
4038	8522	1
4038	8667	1
4038	8741	1
4038	8775	1
4038	9165	8
4038	9614	1
4038	9768	1
4038	10708	1
4038	10760	1
4038	11172	1
4038	11254	1
4063	6215	5
4063	7060	1
4063	7076	1
4063	8533	1
4063	9165	7
4063	9546	1
4063	9743	1
4063	9763	1
4063	10804	1
4102	6215	4
4102	6292	1
4102	6401	1
4102	6548	1
4102	7085	2
4102	7154	1
4102	7176	1
4102	8098	1
4102	8610	7
4102	8741	1
4102	9165	7
4129	5293	1
4129	6215	4
4129	7176	1
4129	7724	1
4129	8098	1
4129	9165	7
4139	4411	1
4139	4678	1
4139	6215	4
4139	6229	1
4139	7176	1
4139	8098	1
4139	8560	1
4139	9165	4
4139	9583	1
4139	10579	2
4139	10636	2
4159	4380	2
4159	6215	5
4159	8522	2
4159	9165	3
4159	10109	1
4167	4411	1
4167	5387	1
4167	6215	3
4167	6589	1
4167	6898	1
4167	6921	1
4167	7060	1
4167	7800	1
4167	8340	1
4167	8522	1
4167	9165	8
4167	9171	1
4167	9672	1
4167	10693	1
4167	11172	1
4169	5280	1
4169	5314	1
4169	6215	26
4169	6396	1
4169	7053	2
4169	7066	1
4169	7072	1
4169	7085	1
4169	8098	1
4169	8136	3
4169	8340	1
4169	9045	1
4169	9165	10
4169	9583	1
4169	9664	1
4169	9763	2
4169	9833	1
4169	10616	1
4183	5101	2
4183	5541	1
4183	5624	1
4183	5972	1
4183	6215	7
4183	6982	1
4183	7301	1
4183	8020	1
4183	8240	1
4183	8554	1
4183	9165	12
4183	10530	1
4183	10804	1
4183	10959	1
4222	4235	2
4222	4411	1
4222	4632	1
4222	5199	1
4222	5879	1
4222	5972	1
4222	6215	9
4222	8522	7
4222	9165	7
4222	9639	1
4225	4632	1
4225	4678	1
4225	6215	6
4225	6257	1
4225	6789	2
4225	7073	1
4225	7074	1
4225	8340	1
4225	8522	4
4225	8533	1
4225	9165	6
4235	6215	7
4235	8522	4
4235	9165	7
4235	9737	1
4235	10135	1
4239	6215	3
4239	6522	1
4239	6568	1
4239	6789	2
4239	8522	2
4239	8533	2
4239	9165	2
4251	4258	5
4251	4373	1
4251	4411	1
4251	5001	1
4251	6215	9
4251	6229	1
4251	7073	1
4251	7802	1
4251	8070	3
4251	8547	1
4251	8667	1
4251	8731	1
4251	9165	12
4251	9630	1
4251	11022	1
4251	11037	1
4251	11254	1
4258	6215	6
4258	7802	1
4258	9165	7
4279	4361	2
4279	4411	2
4279	6215	12
4279	6396	1
4279	6530	1
4279	8340	3
4279	8407	1
4279	8563	1
4279	9165	17
4279	9546	1
4279	9609	1
4279	10136	1
4279	10388	1
4279	11028	1
4283	5488	1
4283	5879	1
4283	5972	3
4283	6215	4
4283	6256	1
4283	6568	1
4283	7724	1
4283	8020	1
4283	8717	1
4283	9165	6
4283	9609	1
4283	9630	1
4283	10337	1
4283	11254	1
4302	4309	1
4302	5199	1
4302	5293	1
4302	5618	1
4302	6066	1
4302	6215	8
4302	6559	1
4302	8407	1
4302	8522	2
4302	8699	1
4302	9165	6
4309	6041	1
4309	6215	3
4309	8717	2
4309	8741	1
4309	9165	5
4309	9601	1
4309	9630	1
4309	10636	1
4361	4582	1
4361	4607	2
4361	4634	1
4361	4675	1
4361	4678	1
4361	5345	1
4361	5598	1
4361	5627	1
4361	5636	1
4361	5699	1
4361	5959	1
4361	5972	3
4361	6041	1
4361	6066	1
4361	6215	40
4361	6231	1
4361	6257	1
4361	6396	1
4361	6498	1
4361	6530	1
4361	6559	3
4361	6568	2
4361	6667	2
4361	7802	1
4361	7927	1
4361	7968	1
4361	8202	1
4361	8207	1
4361	8522	2
4361	8533	1
4361	8547	1
4361	8563	1
4361	8699	1
4361	8717	2
4361	8775	1
4361	9165	26
4361	9171	1
4361	9494	2
4361	9763	1
4361	9797	1
4361	10427	1
4361	10826	1
4361	10848	1
4361	11066	1
4361	11172	1
4373	5699	2
4373	5972	1
4373	6215	3
4373	7053	1
4373	7073	1
4373	7802	4
4373	7968	2
4373	8057	1
4373	8098	1
4373	8340	1
4373	8466	1
4373	8522	1
4373	8552	1
4373	8563	1
4373	9165	8
4380	4633	1
4380	5879	1
4380	6215	11
4380	6522	2
4380	6589	1
4380	7072	1
4380	8207	1
4380	8234	1
4380	8236	1
4380	8374	1
4380	8522	4
4380	8533	1
4380	9165	8
4380	9630	1
4380	9743	1
4380	9833	1
4380	11172	1
4384	5605	1
4384	6215	3
4384	7397	1
4384	8563	1
4384	9165	4
4388	4411	2
4388	5199	1
4388	5268	2
4388	5390	1
4388	6215	5
4388	6292	1
4388	6568	1
4388	7053	1
4388	9011	1
4388	9165	17
4388	9329	1
4388	9546	1
4388	9763	1
4388	10826	1
4388	11254	1
4392	6001	1
4392	6152	1
4392	6215	8
4392	6219	1
4392	8098	2
4392	8136	1
4392	8563	2
4392	9165	13
4392	9329	1
4392	9630	1
4392	9763	1
4392	10109	1
4392	10828	1
4411	4625	1
4411	4678	1
4411	5049	1
4411	5268	1
4411	5380	1
4411	5605	1
4411	6037	1
4411	6215	37
4411	6219	1
4411	6401	1
4411	6545	1
4411	6898	1
4411	7421	1
4411	7907	1
4411	8098	2
4411	8340	1
4411	8522	3
4411	8549	1
4411	8560	4
4411	8563	3
4411	9165	41
4411	9630	1
4411	9763	2
4411	9773	1
4411	9775	1
4411	9797	1
4411	9833	1
4411	10086	1
4411	10136	1
4411	10388	2
4411	10826	1
4411	10930	1
4411	11028	1
4411	11037	1
4411	11172	1
4445	4582	1
4445	4625	1
4445	5972	1
4445	6215	1
4445	6568	1
4445	6589	1
4445	6624	1
4445	6932	1
4445	8522	2
4445	8717	1
4445	9165	4
4445	9763	1
4445	11028	1
4480	5583	1
4480	6066	1
4480	6215	3
4480	8022	1
4480	9165	4
4480	9656	1
4582	4938	1
4582	4970	1
4582	5345	1
4582	5627	1
4582	5972	1
4582	6041	1
4582	6161	1
4582	6215	19
4582	6231	1
4582	6401	1
4582	6437	1
4582	6559	3
4582	6568	2
4582	6624	2
4582	7076	1
4582	7301	2
4582	8098	1
4582	8179	1
4582	8207	1
4582	8240	1
4582	8522	5
4582	8540	1
4582	8560	2
4582	8699	1
4582	9165	22
4582	9171	1
4582	9763	2
4582	9797	1
4582	9833	2
4582	10086	1
4582	10287	4
4582	10388	1
4582	10708	1
4582	10834	1
4582	10930	1
4582	10940	1
4607	4673	1
4607	4676	1
4607	4944	1
4607	6215	10
4607	6229	1
4607	6289	2
4607	6921	1
4607	8331	1
4607	8442	1
4607	8522	2
4607	8874	1
4607	9165	6
4607	9609	1
4607	10940	1
4607	11254	1
4615	4675	1
4615	4676	1
4615	4938	1
4615	5390	1
4615	5627	1
4615	5646	1
4615	6215	10
4615	6231	1
4615	6289	1
4615	6921	1
4615	8098	1
4615	8160	1
4615	8340	1
4615	9165	16
4615	9775	1
4625	4634	1
4625	4838	2
4625	5605	1
4625	6215	14
4625	6229	1
4625	7040	1
4625	7058	1
4625	7073	1
4625	7421	1
4625	8560	1
4625	8741	1
4625	9165	13
4625	9564	1
4625	9773	1
4625	11037	1
4625	11229	1
4630	4676	1
4630	5624	1
4630	5972	1
4630	6161	1
4630	6215	5
4630	6530	1
4630	8522	2
4630	8533	1
4630	8717	2
4630	9165	5
4630	9283	1
4630	9639	1
4630	10693	1
4630	10940	1
4632	4657	1
4632	6215	9
4632	6292	1
4632	8179	1
4632	8239	1
4632	8374	2
4632	8522	3
4632	8766	1
4632	9165	8
4632	9618	1
4633	5312	1
4633	6215	8
4633	7072	2
4633	8240	1
4633	8466	1
4633	8522	2
4633	9165	5
4633	9630	1
4634	5600	1
4634	5972	1
4634	6152	2
4634	6215	7
4634	6292	1
4634	6733	1
4634	6932	1
4634	8533	1
4634	9165	3
4634	9614	1
4634	9743	1
4634	9763	1
4634	10765	1
4634	10940	1
4657	4678	1
4657	6066	1
4657	6215	9
4657	6545	1
4657	6552	1
4657	6733	1
4657	7072	1
4657	7359	1
4657	8239	1
4657	8522	2
4657	8533	1
4657	9103	2
4657	9165	7
4657	9743	1
4657	10806	1
4657	11066	1
4659	6215	5
4659	6219	1
4659	8114	1
4659	8160	1
4659	8206	1
4659	8340	1
4659	9165	1
4659	9609	1
4659	10287	1
4668	4690	1
4668	5152	5
4668	5390	1
4668	6047	5
4668	6215	1
4668	9165	8
4668	9656	1
4668	10150	5
4673	5049	1
4673	5101	1
4673	5972	4
4673	6037	1
4673	6215	15
4673	6231	1
4673	6314	1
4673	7072	1
4673	7927	1
4673	8234	1
4673	8522	5
4673	8699	2
4673	9045	1
4673	9139	1
4673	9165	7
4673	9224	1
4673	9544	1
4673	9680	1
4673	9763	1
4673	9821	2
4673	10388	3
4675	5259	1
4675	5345	1
4675	5785	1
4675	5972	4
4675	6161	1
4675	6215	15
4675	6246	1
4675	6256	1
4675	6289	1
4675	7729	1
4675	7927	1
4675	8020	1
4675	8052	1
4675	8340	1
4675	8522	1
4675	8717	2
4675	9165	8
4675	9614	2
4675	9676	1
4675	9763	1
4675	9775	1
4675	10135	1
4675	10804	1
4675	10940	2
4675	11229	1
4676	4944	1
4676	5117	1
4676	5600	1
4676	5972	1
4676	6161	1
4676	6215	9
4676	6231	1
4676	6401	1
4676	6540	1
4676	6545	1
4676	7040	1
4676	7073	1
4676	8207	1
4676	8340	2
4676	8522	1
4676	8874	1
4676	9139	2
4676	9165	5
4676	9664	1
4676	9763	1
4676	9813	1
4676	10940	2
4678	5317	1
4678	5467	1
4678	5598	1
4678	5785	1
4678	5879	1
4678	5972	2
4678	6152	1
4678	6215	13
4678	6257	1
4678	6289	1
4678	6548	1
4678	6789	1
4678	7033	1
4678	7072	1
4678	7073	1
4678	7074	2
4678	7397	1
4678	8340	1
4678	8522	3
4678	8667	1
4678	8717	2
4678	9103	1
4678	9139	1
4678	9165	10
4678	10388	1
4678	10693	1
4678	10804	1
4678	10834	1
4678	10930	1
4678	10940	3
4690	5789	1
4690	5972	1
4690	6215	2
4690	6257	1
4690	6437	1
4690	7072	1
4690	8340	1
4690	9165	4
4690	9382	1
4690	9656	1
4690	10530	1
4690	11066	1
4838	6066	1
4838	6215	4
4838	6231	1
4838	6289	1
4838	6983	1
4838	8052	1
4838	8115	1
4838	8340	1
4838	8522	1
4838	8560	1
4838	9165	6
4838	10388	1
4853	5879	1
4853	6215	3
4853	7085	1
4853	8340	1
4853	9165	5
4853	9382	1
4853	9763	1
4853	9936	1
4853	10930	1
4872	5972	1
4872	6016	1
4872	7802	3
4872	8264	1
4872	9165	3
4938	5583	1
4938	6215	4
4938	6921	1
4938	8560	1
4938	8588	1
4938	9165	5
4940	5293	1
4940	6066	1
4940	6215	1
4940	7072	1
4940	8340	1
4940	8522	1
4940	8533	1
4940	8549	1
4940	8741	1
4940	8874	1
4940	8880	1
4940	9165	6
4940	9546	1
4940	10693	1
4944	5583	1
4944	6152	1
4944	6215	4
4944	8331	1
4944	9165	4
4944	10940	1
4944	11254	1
4970	5345	1
4970	6215	5
4970	8340	1
4970	9165	6
4970	9680	1
4970	10765	1
4970	11229	1
5001	6215	3
5001	7085	1
5001	7802	1
5001	8549	1
5001	9165	5
5049	5627	1
5049	5761	1
5049	5972	1
5049	6215	2
5049	6246	1
5049	6540	1
5049	7076	1
5049	8340	1
5049	8522	1
5049	9040	1
5049	9165	6
5101	5317	1
5101	6215	5
5101	7397	1
5101	8239	1
5101	8872	1
5101	9045	2
5101	9165	5
5101	9768	1
5101	10760	1
5101	10804	1
5117	5312	1
5117	5345	1
5117	6215	4
5117	6514	1
5117	7072	1
5117	7073	1
5117	8098	1
5117	8179	1
5117	8331	1
5117	8340	1
5117	9165	4
5117	9763	2
5117	11037	1
5152	6047	5
5152	6215	4
5152	8098	1
5152	8340	1
5152	9165	9
5152	9833	1
5152	10109	1
5152	10150	5
5189	6215	4
5189	7072	1
5189	8874	1
5189	9165	5
5199	5636	1
5199	5972	1
5199	6215	1
5199	6568	1
5199	7076	1
5199	8522	2
5199	9165	4
5199	9546	1
5259	5761	1
5259	6215	4
5259	7076	1
5259	9165	7
5259	10760	1
5259	10804	1
5268	5293	1
5268	5312	1
5268	5972	1
5268	6215	14
5268	6559	1
5268	7072	1
5268	7076	1
5268	8098	1
5268	8179	1
5268	8206	1
5268	8329	1
5268	9045	1
5268	9165	13
5268	9546	1
5268	9571	1
5268	9763	1
5268	10096	1
5268	10826	1
5268	11172	1
5280	5314	1
5280	5316	1
5280	6215	8
5280	6624	1
5280	8272	1
5280	8340	1
5280	8522	1
5280	8872	1
5280	9165	8
5293	6066	2
5293	6215	9
5293	6530	1
5293	7729	1
5293	7927	1
5293	8098	3
5293	8136	1
5293	8206	1
5293	8234	1
5293	8236	1
5293	8239	1
5293	8329	1
5293	8522	1
5293	8549	1
5293	8560	1
5293	8741	1
5293	8874	1
5293	9165	19
5293	9283	1
5293	10693	1
5312	6215	3
5312	7072	1
5312	7724	1
5312	8114	1
5312	8179	1
5312	9165	6
5313	6215	5
5313	8098	3
5313	8874	2
5313	9165	1
5313	9630	1
5314	6215	4
5314	8098	1
5314	9165	6
5316	6215	2
5316	7907	1
5316	8272	1
5316	8340	1
5316	8717	2
5316	9165	2
5316	9329	1
5316	10136	1
5316	11037	1
5317	5600	1
5317	6215	4
5317	8872	1
5317	9165	3
5317	9775	2
5317	11172	1
5338	5972	1
5338	6215	4
5338	6559	1
5338	6568	2
5338	8699	1
5338	9165	1
5338	9763	1
5338	9775	1
5345	5605	1
5345	5972	1
5345	6215	12
5345	6231	1
5345	6559	1
5345	7073	1
5345	7301	1
5345	8115	1
5345	8331	1
5345	8522	1
5345	8595	1
5345	8717	1
5345	9165	13
5345	9656	1
5345	10159	1
5345	10287	1
5345	10427	1
5345	10765	1
5345	11229	2
5380	6215	4
5380	7450	1
5380	8251	1
5380	8717	1
5380	9165	5
5380	9656	1
5380	10086	1
5380	10427	1
5380	11254	1
5387	5618	1
5387	6053	1
5387	6215	7
5387	6229	1
5387	6898	1
5387	7076	1
5387	8264	1
5387	8340	1
5387	9165	7
5387	11066	1
5390	6061	1
5390	6215	13
5390	8331	1
5390	8522	1
5390	9165	12
5390	9329	1
5390	9544	1
5410	5541	1
5410	6016	1
5410	6215	4
5410	6552	1
5410	9165	4
5410	9435	1
5410	10804	1
5467	5615	1
5467	6215	2
5467	6932	1
5467	8717	1
5467	9165	2
5467	9283	1
5467	10693	1
5488	5972	1
5488	6215	4
5488	7724	1
5488	9165	4
5488	9283	1
5488	10846	1
5541	6215	6
5541	7076	2
5541	7729	1
5541	8098	2
5541	8595	1
5541	9165	7
5541	10616	1
5541	10804	1
5583	6215	9
5583	6524	1
5583	7072	1
5583	8018	1
5583	8331	1
5583	8340	1
5583	9165	9
5594	5972	1
5594	6215	6
5594	6559	1
5594	7040	1
5594	8098	1
5594	8239	1
5594	9165	2
5594	9609	1
5594	10337	2
5598	5972	2
5598	6215	3
5598	6396	1
5598	6589	1
5598	6932	1
5598	7053	1
5598	8160	1
5598	8717	1
5598	9165	2
5598	9763	1
5598	10846	2
5600	5972	1
5600	6215	4
5600	6540	1
5600	6545	1
5600	9165	6
5600	9382	1
5600	9494	1
5600	9775	1
5600	9783	1
5600	10388	1
5605	5959	1
5605	6215	8
5605	6552	1
5605	7268	1
5605	7397	1
5605	7754	1
5605	8098	1
5605	8549	1
5605	8563	1
5605	9165	10
5605	9751	1
5605	9763	1
5605	10159	1
5605	10388	1
5605	10826	1
5605	11254	1
5615	6215	4
5615	9103	2
5615	9165	4
5615	10806	1
5618	5624	1
5618	6215	2
5618	6524	1
5618	6552	1
5618	7927	1
5618	8098	2
5618	8522	1
5618	9165	5
5624	5785	1
5624	5972	1
5624	6215	7
5624	6524	1
5624	6552	1
5624	6568	1
5624	6589	1
5624	6932	2
5624	7754	1
5624	8331	1
5624	8533	1
5624	8717	3
5624	9103	1
5624	9165	8
5624	9432	1
5624	10846	1
5624	11066	1
5627	6215	4
5627	8340	1
5627	8522	1
5627	9103	1
5627	9165	4
5631	5972	1
5631	6215	3
5631	8717	1
5631	9165	3
5631	9664	1
5631	9751	1
5631	11124	1
5636	5640	1
5636	5972	1
5636	6061	1
5636	6215	5
5636	8522	2
5636	8717	1
5636	9165	8
5636	9614	1
5640	5862	1
5640	5972	1
5640	6061	1
5640	6215	2
5640	8057	1
5640	8522	2
5640	9165	2
5640	9656	1
5646	6215	4
5646	8098	1
5646	8407	1
5646	8874	1
5646	9165	4
5699	6215	20
5699	6229	1
5699	6498	1
5699	6982	1
5699	7033	1
5699	7044	1
5699	7053	1
5699	7060	1
5699	7066	1
5699	7196	2
5699	7802	3
5699	7968	2
5699	8098	1
5699	8466	1
5699	8547	1
5699	8560	1
5699	8667	3
5699	9165	27
5699	9494	1
5699	9763	1
5699	11172	1
5761	6215	7
5761	7072	1
5761	7073	1
5761	7724	1
5761	7802	1
5761	8340	1
5761	9165	7
5761	9601	1
5761	10388	1
5761	10760	1
5785	5879	1
5785	5972	3
5785	6152	1
5785	6215	7
5785	6256	1
5785	6552	1
5785	8206	1
5785	8717	1
5785	9165	11
5785	9614	1
5785	9664	1
5785	9680	1
5785	10760	1
5785	10804	1
5785	10834	1
5789	5879	1
5789	6215	5
5789	6437	1
5789	7072	1
5789	9165	4
5789	9382	1
5789	9432	1
5789	10530	1
5862	6219	1
5862	6540	1
5862	7053	1
5862	7060	1
5862	7087	1
5862	8522	1
5862	8564	1
5862	9165	2
5862	9775	1
5879	5972	1
5879	6215	8
5879	8234	1
5879	8236	1
5879	8240	1
5879	8251	1
5879	8522	1
5879	8533	2
5879	9165	7
5879	9382	1
5879	9601	1
5879	9609	1
5879	9768	1
5959	6215	3
5959	7754	1
5959	8407	1
5959	9165	7
5959	10427	1
5959	10826	2
5972	6053	1
5972	6215	21
5972	6231	1
5972	6287	1
5972	6289	1
5972	6292	1
5972	6437	1
5972	6524	1
5972	6530	1
5972	6548	1
5972	6559	4
5972	6568	3
5972	6589	2
5972	6898	1
5972	6932	1
5972	7033	1
5972	7040	3
5972	7072	2
5972	7073	1
5972	7301	1
5972	7359	1
5972	7450	1
5972	7724	1
5972	7754	1
5972	7802	1
5972	8052	1
5972	8079	1
5972	8098	2
5972	8160	2
5972	8179	1
5972	8202	1
5972	8206	1
5972	8207	2
5972	8234	1
5972	8236	1
5972	8239	1
5972	8240	1
5972	8331	1
5972	8522	20
5972	8533	4
5972	8544	1
5972	8549	3
5972	8560	1
5972	8564	1
5972	8717	21
5972	8775	1
5972	8874	1
5972	9040	2
5972	9128	1
5972	9165	118
5972	9283	1
5972	9382	2
5972	9564	1
5972	9614	3
5972	9751	1
5972	9763	6
5972	9768	1
5972	9771	1
5972	9775	3
5972	10086	1
5972	10135	2
5972	10136	2
5972	10146	1
5972	10159	1
5972	10287	1
5972	10337	1
5972	10388	1
5972	10530	2
5972	10616	2
5972	10760	1
5972	10806	2
5972	10828	2
5972	10848	2
5972	10905	3
5972	10959	1
5972	11028	1
5972	11066	1
5972	11124	1
5972	11172	2
6001	6215	3
6001	8717	1
6001	9165	9
6001	9283	1
6001	9546	1
6016	6215	5
6016	6498	2
6016	6552	1
6016	7475	1
6016	7802	2
6016	8340	1
6016	8717	1
6016	8874	1
6016	9045	1
6016	9165	7
6016	9435	1
6016	10265	2
6016	10884	1
6037	6215	4
6037	8872	1
6037	9165	4
6037	9544	1
6041	6215	4
6041	6568	1
6041	6667	1
6041	7040	1
6041	7359	1
6041	9165	8
6041	9546	1
6041	10819	1
6047	6215	1
6047	9165	6
6047	10150	5
6053	6215	2
6053	8540	1
6053	8544	1
6053	9165	5
6053	9639	1
6061	6215	3
6061	6396	1
6061	6548	1
6061	6982	1
6061	8331	1
6061	8717	1
6061	9045	1
6061	9165	7
6061	9672	1
6061	11254	1
6066	6215	6
6066	6231	1
6066	6545	1
6066	8022	1
6066	8098	1
6066	8522	2
6066	8699	1
6066	9165	5
6066	9656	1
6066	10693	1
6066	10806	1
6152	6161	1
6152	6215	5
6152	8206	1
6152	8522	1
6152	8549	1
6152	8667	1
6152	9165	8
6152	9583	1
6152	9664	1
6152	11254	1
6161	6215	5
6161	7033	1
6161	8207	1
6161	9165	3
6161	10940	2
6215	6256	4
6215	6257	2
6215	6287	2
6215	6289	4
6215	6292	3
6215	6314	3
6215	6396	10
6215	6401	4
6215	6437	7
6215	6498	5
6215	6514	3
6215	6522	5
6215	6524	4
6215	6530	8
6215	6540	3
6215	6545	3
6215	6548	8
6215	6552	9
6215	6559	17
6215	6568	21
6215	6589	4
6215	6624	1
6215	6658	4
6215	6667	5
6215	6733	4
6215	6789	4
6215	6898	3
6215	6921	3
6215	6932	9
6215	6982	4
6215	6983	6
6215	7033	3
6215	7040	12
6215	7044	2
6215	7053	8
6215	7058	4
6215	7060	7
6215	7066	3
6215	7072	27
6215	7073	11
6215	7074	4
6215	7076	17
6215	7085	8
6215	7087	3
6215	7154	3
6215	7176	6
6215	7196	1
6215	7268	3
6215	7301	2
6215	7359	3
6215	7397	3
6215	7421	3
6215	7450	2
6215	7475	5
6215	7724	7
6215	7729	6
6215	7754	4
6215	7800	3
6215	7802	4
6215	7848	4
6215	7907	4
6215	7927	4
6215	7968	3
6215	8018	2
6215	8020	4
6215	8022	3
6215	8052	4
6215	8057	3
6215	8079	4
6215	8098	59
6215	8112	8
6215	8114	6
6215	8115	8
6215	8133	6
6215	8136	6
6215	8160	7
6215	8179	7
6215	8206	1
6215	8207	5
6215	8234	2
6215	8236	3
6215	8239	11
6215	8240	11
6215	8251	2
6215	8264	4
6215	8272	5
6215	8329	2
6215	8331	9
6215	8340	42
6215	8374	3
6215	8407	6
6215	8442	5
6215	8466	3
6215	8522	43
6215	8533	9
6215	8540	8
6215	8544	1
6215	8547	4
6215	8549	19
6215	8552	2
6215	8554	5
6215	8560	16
6215	8563	14
6215	8564	5
6215	8588	8
6215	8595	7
6215	8610	5
6215	8667	11
6215	8699	10
6215	8717	25
6215	8731	5
6215	8741	6
6215	8766	3
6215	8775	9
6215	8872	8
6215	8874	7
6215	8880	2
6215	9011	2
6215	9040	6
6215	9045	17
6215	9103	5
6215	9128	3
6215	9139	4
6215	9165	1314
6215	9171	5
6215	9224	3
6215	9283	1
6215	9329	8
6215	9382	2
6215	9432	4
6215	9435	3
6215	9494	4
6215	9544	8
6215	9546	9
6215	9564	4
6215	9571	4
6215	9583	6
6215	9601	7
6215	9609	13
6215	9614	4
6215	9618	3
6215	9630	13
6215	9639	3
6215	9646	4
6215	9656	3
6215	9664	3
6215	9672	2
6215	9676	5
6215	9680	4
6215	9737	1
6215	9743	4
6215	9751	4
6215	9763	49
6215	9768	11
6215	9771	7
6215	9773	2
6215	9775	10
6215	9783	2
6215	9797	2
6215	9813	2
6215	9821	6
6215	9833	21
6215	9936	1
6215	10086	11
6215	10096	9
6215	10109	6
6215	10135	4
6215	10136	4
6215	10159	3
6215	10265	6
6215	10287	13
6215	10337	4
6215	10388	16
6215	10395	2
6215	10427	7
6215	10530	6
6215	10579	3
6215	10616	5
6215	10636	3
6215	10693	3
6215	10708	2
6215	10760	5
6215	10765	3
6215	10804	2
6215	10806	3
6215	10819	3
6215	10826	3
6215	10828	3
6215	10834	4
6215	10846	4
6215	10848	1
6215	10884	5
6215	10905	5
6215	10930	3
6215	10940	5
6215	10959	3
6215	11022	6
6215	11028	3
6215	11037	6
6215	11066	8
6215	11124	7
6215	11172	16
6215	11229	4
6215	11254	11
6219	7060	1
6219	7724	1
6219	8160	1
6219	9165	3
6219	9630	1
6219	9775	1
6219	10287	1
6229	8022	1
6229	8098	2
6229	8340	1
6229	8442	1
6229	8731	1
6229	9165	10
6229	9609	1
6229	9768	1
6231	6568	1
6231	6983	1
6231	7301	1
6231	7927	1
6231	9165	5
6231	9768	1
6231	10109	1
6231	10159	1
6231	10287	1
6231	11037	1
6246	6658	1
6246	7450	1
6246	8112	1
6246	9045	1
6246	9165	8
6246	9564	1
6246	9768	1
6246	9775	2
6246	10096	1
6256	6314	1
6256	9165	10
6256	9494	1
6256	9564	1
6257	6289	1
6257	6789	1
6257	7073	1
6257	8340	1
6257	8522	1
6257	8775	1
6257	9165	5
6257	9783	1
6257	10848	1
6257	11037	1
6287	7421	1
6287	8052	2
6287	9165	2
6287	9763	1
6287	9768	1
6289	7072	1
6289	8522	1
6289	8717	1
6289	9165	9
6289	10388	1
6289	11037	1
6292	7085	1
6292	7176	1
6292	7802	1
6292	8179	1
6292	8560	1
6292	8610	1
6292	8667	1
6292	8717	1
6292	9165	6
6292	10834	1
6292	11172	1
6314	8522	2
6314	8588	1
6314	8717	1
6314	9165	1
6314	9763	1
6314	9771	1
6396	6548	1
6396	6552	1
6396	8340	1
6396	8554	1
6396	8717	1
6396	9165	11
6396	9680	1
6396	10846	1
6401	7450	1
6401	8610	1
6401	8717	1
6401	9165	6
6401	10427	1
6401	10616	1
6437	7040	1
6437	7060	1
6437	7076	2
6437	7754	1
6437	8018	1
6437	8098	1
6437	9165	11
6437	9224	2
6437	9382	1
6437	10287	1
6437	10530	1
6437	10708	1
6437	10930	1
6437	10959	1
6437	11254	1
6498	6658	1
6498	7802	3
6498	8466	1
6498	8667	1
6498	8874	1
6498	9165	5
6498	10884	1
6514	7040	1
6514	8179	1
6514	8522	1
6514	9165	1
6514	9763	1
6522	6530	2
6522	6789	1
6522	7074	1
6522	8207	1
6522	8239	1
6522	8533	1
6522	8554	1
6522	9040	2
6522	9165	7
6522	9763	2
6522	9833	1
6524	6548	3
6524	6552	1
6524	7475	1
6524	9165	9
6524	10530	1
6524	10693	1
6524	10806	1
6524	10905	1
6530	6545	1
6530	7176	1
6530	7907	1
6530	8236	1
6530	8239	1
6530	8251	1
6530	8272	1
6530	8522	1
6530	8533	1
6530	9040	1
6530	9045	1
6530	9165	14
6530	9382	1
6530	9614	1
6530	9646	1
6530	9763	2
6530	10086	1
6530	10530	1
6530	10940	1
6540	6545	1
6540	6548	1
6540	7053	1
6540	7087	1
6540	9040	2
6540	9165	9
6540	9544	1
6540	9614	1
6540	9618	1
6540	9771	1
6540	10765	1
6545	7475	1
6545	8098	1
6545	8202	1
6545	8547	1
6545	8560	1
6545	9045	1
6545	9165	9
6545	9614	1
6545	9763	1
6545	10086	1
6545	10530	1
6545	10806	2
6548	6552	1
6548	7074	1
6548	7087	1
6548	7475	1
6548	8098	1
6548	8563	1
6548	8610	1
6548	9165	16
6548	9283	1
6548	9614	1
6548	9771	1
6548	10804	1
6552	7154	1
6552	8239	1
6552	9165	14
6552	9435	2
6552	9783	1
6552	10388	2
6552	10760	1
6559	6568	1
6559	6667	1
6559	7040	2
6559	8020	1
6559	8098	1
6559	8179	1
6559	8331	1
6559	8340	1
6559	8407	1
6559	8533	1
6559	8540	2
6559	8588	1
6559	8717	1
6559	8775	1
6559	9165	9
6559	9494	1
6559	9763	2
6559	10337	2
6559	10708	1
6559	10930	1
6568	6589	1
6568	7040	3
6568	7073	1
6568	7301	1
6568	8052	2
6568	8098	2
6568	8340	1
6568	8522	1
6568	8699	1
6568	8717	1
6568	9165	11
6568	9432	1
6568	9494	1
6568	9546	1
6568	9763	5
6568	9783	1
6568	10159	1
6568	10287	1
6568	10388	1
6568	10708	1
6568	10819	1
6568	10828	1
6568	11022	1
6568	11254	1
6589	6932	1
6589	7754	1
6589	8533	1
6589	8717	3
6589	9165	11
6589	9171	1
6589	9546	1
6589	9564	1
6589	9680	1
6589	9833	1
6589	10804	1
6589	10834	1
6589	11172	4
6624	8522	1
6624	9165	4
6624	10287	1
6624	10388	1
6624	11254	1
6658	7802	1
6658	8240	1
6658	9165	7
6658	9833	1
6667	8179	1
6667	8202	1
6667	9165	7
6667	9171	1
6667	9609	1
6667	10287	1
6667	10819	3
6667	10826	1
6667	10834	1
6667	11022	1
6667	11028	1
6733	8522	3
6733	9045	1
6733	9165	6
6733	9680	1
6733	10765	1
6733	11037	1
6789	7073	1
6789	8522	2
6789	8533	3
6789	9165	3
6789	10136	1
6898	8098	1
6898	9165	3
6898	9283	1
6921	8331	1
6921	9165	3
6921	11254	1
6932	8340	1
6932	8717	6
6932	9165	6
6932	9283	2
6932	9763	1
6932	9833	1
6932	11028	1
6982	7053	1
6982	9165	8
6982	9763	1
6982	9771	1
6983	9165	7
6983	9833	1
6983	10287	1
7033	8202	1
7033	9165	6
7033	10388	1
7033	10940	2
7040	8179	1
7040	8207	1
7040	8239	1
7040	8540	2
7040	8560	2
7040	8717	1
7040	9165	8
7040	9171	2
7040	10265	1
7040	10337	1
7040	10616	1
7040	10636	1
7040	10819	1
7040	10848	1
7040	10930	1
7040	10940	1
7044	7076	3
7044	8741	1
7044	9165	7
7044	9936	1
7044	10905	1
7053	7060	2
7053	7066	3
7053	7085	2
7053	7087	1
7053	7176	2
7053	7802	2
7053	7968	1
7053	8206	1
7053	8533	1
7053	8549	1
7053	8552	1
7053	9011	2
7053	9165	20
7053	9432	1
7053	9544	1
7053	9771	1
7053	10530	1
7053	10579	1
7058	8098	1
7058	8741	1
7058	9165	6
7058	9571	1
7058	11172	1
7060	7076	2
7060	7421	1
7060	7800	1
7060	7802	1
7060	8522	1
7060	9045	1
7060	9165	9
7060	9224	1
7060	10265	1
7066	7085	1
7066	7176	1
7066	8442	1
7066	8547	1
7066	9011	1
7066	9165	4
7072	7176	1
7072	7724	1
7072	7802	1
7072	8098	1
7072	8160	1
7072	8331	2
7072	8522	1
7072	8560	1
7072	8717	1
7072	8741	1
7072	8872	1
7072	8880	1
7072	9011	1
7072	9165	21
7072	9546	1
7072	9833	1
7072	10086	1
7072	10265	1
7072	10287	1
7072	10616	1
7073	7802	2
7073	8179	1
7073	8522	1
7073	8741	1
7073	8766	1
7073	8775	1
7073	9040	1
7073	9165	8
7073	9676	1
7073	9763	1
7073	9797	1
7073	9833	1
7073	10146	1
7073	10388	1
7073	11037	1
7074	7176	1
7074	8522	2
7074	8717	1
7074	9165	5
7074	10388	1
7074	10804	1
7074	10806	1
7076	7154	1
7076	8522	2
7076	8547	1
7076	9165	27
7076	9224	1
7076	9768	1
7076	9797	1
7076	10287	1
7076	11037	1
7085	7176	2
7085	7724	1
7085	7800	1
7085	8560	1
7085	8610	2
7085	8874	1
7085	9011	1
7085	9165	9
7085	9763	1
7087	9165	5
7154	8522	1
7154	8610	1
7154	8741	1
7154	9165	5
7176	8098	1
7176	8560	1
7176	8610	1
7176	9011	1
7176	9165	9
7176	9382	1
7176	9546	1
7176	10530	1
7176	10579	1
7176	10636	1
7196	7724	1
7196	8466	1
7196	8667	1
7196	9165	5
7196	9763	1
7268	8340	1
7268	9165	5
7268	9763	1
7268	9768	1
7268	11254	1
7301	8202	1
7301	8522	1
7301	9040	1
7301	9165	2
7301	10287	2
7359	8340	1
7359	9165	5
7359	10828	1
7397	8239	2
7397	9040	1
7397	9045	1
7397	9165	5
7421	8549	1
7421	9165	5
7421	9775	1
7450	7754	1
7450	8112	2
7450	8874	1
7450	9165	3
7475	8374	1
7475	8522	1
7475	8588	1
7475	9045	1
7475	9165	8
7475	9614	1
7724	8098	2
7724	8874	1
7724	9165	15
7729	8234	1
7729	8236	1
7729	8239	1
7729	8595	1
7729	9165	4
7729	11172	1
7754	8766	1
7754	9165	6
7754	9783	1
7754	10826	2
7800	7802	1
7800	8272	1
7800	9165	5
7800	9432	1
7800	10265	1
7802	7968	1
7802	8057	1
7802	8070	2
7802	8442	1
7802	8466	1
7802	8544	1
7802	8547	1
7802	8549	1
7802	8560	1
7802	8563	1
7802	8667	5
7802	9165	22
7802	10265	1
7848	8160	1
7848	9165	4
7848	9329	1
7848	10287	1
7907	8251	1
7907	9165	5
7907	9763	1
7927	8206	1
7927	9165	5
7927	9283	1
7968	8070	1
7968	8552	1
7968	8667	2
7968	9165	7
7968	11172	1
8018	9165	4
8018	9544	1
8018	9797	1
8020	8560	1
8020	9165	5
8020	9630	1
8022	8098	1
8022	8595	1
8022	9165	6
8022	9656	1
8052	8057	1
8052	9165	4
8052	9783	1
8057	8070	1
8057	8563	1
8057	8588	1
8057	9165	6
8057	10395	1
8070	8667	1
8070	9165	6
8079	9165	5
8079	9601	3
8079	9768	1
8098	8160	1
8098	8202	1
8098	8340	2
8098	8522	2
8098	8549	1
8098	8552	1
8098	8610	1
8098	8775	1
8098	8874	2
8098	9040	1
8098	9165	42
8098	9171	1
8098	9546	1
8098	9833	1
8098	10086	1
8098	10265	1
8098	10287	1
8098	10388	1
8098	10616	1
8098	10828	1
8112	9165	2
8112	10884	1
8114	8564	1
8114	9165	4
8115	8699	1
8115	9165	5
8115	9329	1
8115	10388	1
8133	8179	1
8133	8442	1
8136	9165	5
8160	9165	5
8160	10287	8
8179	8239	1
8179	8522	1
8179	8540	1
8179	8717	1
8179	9165	10
8179	9171	1
8179	9618	1
8179	9680	1
8179	10834	1
8179	11172	1
8202	8522	1
8202	9165	5
8202	10826	1
8206	8549	1
8206	9165	2
8206	9283	1
8206	9664	1
8206	10388	1
8207	8540	1
8207	9128	1
8207	9165	1
8207	9833	1
8207	10940	2
8234	8236	2
8234	8239	4
8234	8522	1
8234	9045	1
8234	9165	6
8234	9224	1
8234	9737	1
8234	9763	1
8234	9813	1
8236	8239	1
8236	8251	1
8236	8522	1
8236	9165	4
8239	8251	1
8239	8374	1
8239	8522	1
8239	9040	1
8239	9045	3
8239	9165	19
8239	9435	1
8239	9737	1
8239	9813	1
8239	10337	1
8239	10388	2
8240	8374	1
8240	8522	1
8240	8560	1
8240	8766	1
8240	9040	1
8240	9045	4
8240	9165	15
8240	9751	1
8240	9763	1
8240	10530	1
8240	10905	1
8240	11124	1
8251	8533	1
8251	9040	1
8251	9165	5
8251	9609	1
8251	9656	1
8251	9768	1
8251	10905	1
8264	8331	1
8264	9165	2
8264	11254	1
8272	8340	1
8272	8522	1
8272	9165	4
8272	9646	1
8272	10265	1
8329	8340	1
8329	8717	1
8329	9165	4
8329	9283	2
8331	8522	1
8331	8563	1
8331	8667	1
8331	9165	10
8331	9775	1
8331	10086	1
8331	10930	1
8331	11254	1
8340	8522	3
8340	8588	1
8340	8667	1
8340	8717	1
8340	8731	1
8340	8741	1
8340	8775	1
8340	8874	1
8340	8880	1
8340	9165	47
8340	9609	1
8340	9672	1
8340	9680	1
8340	9763	2
8340	9768	2
8340	9771	1
8340	9821	1
8340	9833	2
8340	9936	1
8340	10135	1
8340	10388	2
8340	10616	1
8340	10693	1
8340	10708	2
8340	10804	1
8340	11124	1
8340	11254	2
8374	8766	1
8374	9165	4
8374	9630	1
8407	8717	1
8407	9165	6
8407	10287	1
8442	9165	6
8466	8540	1
8466	9165	5
8522	8588	2
8522	8610	1
8522	8667	1
8522	8717	5
8522	8766	2
8522	9040	2
8522	9128	1
8522	9139	1
8522	9165	123
8522	9171	1
8522	9283	1
8522	9614	2
8522	9618	1
8522	9630	4
8522	9656	1
8522	9664	1
8522	9680	2
8522	9737	1
8522	9763	5
8522	9768	1
8522	9775	2
8522	9833	1
8522	9936	1
8522	10135	7
8522	10146	2
8522	10287	1
8522	10388	1
8522	10616	1
8522	10693	1
8522	10804	1
8522	10806	1
8522	10828	3
8522	10848	2
8522	10905	2
8522	11022	1
8522	11028	1
8522	11037	1
8522	11066	1
8522	11172	1
8533	8731	1
8533	9103	1
8533	9165	15
8533	9283	1
8533	9544	1
8533	9609	1
8533	9743	1
8533	9763	2
8533	9768	1
8533	10136	1
8533	10693	1
8533	10804	2
8533	11124	1
8533	11172	1
8540	8560	1
8540	9165	7
8540	9609	1
8540	9639	1
8540	9833	1
8544	8549	3
8544	9165	6
8544	9171	1
8544	9773	1
8547	8560	1
8547	8667	1
8547	9165	6
8547	9751	1
8547	11037	1
8549	8560	1
8549	9165	25
8549	9171	1
8549	9544	1
8549	9618	1
8549	9768	1
8549	9771	1
8549	9773	1
8549	10427	1
8549	10530	1
8549	11037	1
8549	11066	1
8549	11172	1
8552	8564	1
8552	9165	4
8552	9544	1
8554	8588	1
8554	8741	1
8554	9011	1
8554	9045	1
8554	9165	6
8554	9614	1
8554	9680	1
8554	9833	1
8560	8667	1
8560	9165	22
8560	9751	1
8560	9833	1
8560	10930	1
8560	11124	1
8563	9165	15
8563	9432	1
8563	9763	1
8563	9833	1
8564	9165	7
8564	9171	1
8564	9583	1
8564	9821	1
8564	9833	1
8588	8717	2
8588	9165	13
8588	9171	1
8588	9775	1
8588	10959	1
8595	8880	1
8595	9165	2
8595	9656	1
8595	10096	1
8610	8741	1
8610	9165	8
8667	9165	11
8667	9676	1
8667	10287	1
8667	11037	1
8699	8717	1
8699	9165	12
8699	9763	1
8699	10388	3
8717	8741	1
8717	9103	1
8717	9165	65
8717	9283	4
8717	9601	2
8717	9614	1
8717	9656	1
8717	9797	1
8717	9833	1
8717	10096	1
8717	10136	1
8717	10337	1
8717	10388	2
8717	10427	1
8717	10616	1
8717	10636	1
8717	10693	2
8717	10834	1
8717	10846	3
8717	10848	2
8717	11229	1
8731	9165	9
8731	9571	1
8731	9763	3
8741	8874	1
8741	9165	7
8741	9601	1
8741	9833	1
8741	9936	1
8766	9165	4
8766	9630	1
8766	10765	1
8775	9103	1
8775	9165	13
8872	9165	6
8874	9165	15
8874	9544	1
8874	9763	1
8874	10765	1
8874	10826	1
8874	10884	1
8880	9165	6
8880	10086	1
8880	10337	1
9011	9045	1
9011	9165	4
9011	9614	1
9040	9165	9
9040	9382	1
9040	9763	1
9040	10146	1
9040	10804	1
9040	10828	1
9040	10905	2
9045	9165	23
9045	9564	1
9045	9614	1
9045	9646	1
9045	9737	1
9045	9763	1
9045	9813	1
9045	10086	1
9045	10530	1
9045	10905	2
9103	9165	5
9103	10806	1
9103	10846	1
9103	10905	1
9128	9165	6
9128	9763	1
9128	9768	1
9139	9165	2
9139	9630	1
9139	10135	1
9139	10940	1
9165	9171	2
9165	9224	3
9165	9283	7
9165	9329	7
9165	9382	4
9165	9432	2
9165	9435	6
9165	9494	5
9165	9544	8
9165	9546	13
9165	9564	7
9165	9571	6
9165	9583	9
9165	9601	5
9165	9609	8
9165	9614	14
9165	9618	2
9165	9630	17
9165	9639	7
9165	9646	4
9165	9656	1
9165	9664	2
9165	9672	4
9165	9676	5
9165	9680	11
9165	9737	6
9165	9743	4
9165	9751	1
9165	9763	39
9165	9768	2
9165	9771	2
9165	9773	1
9165	9775	2
9165	9783	1
9165	9797	5
9165	9813	5
9165	9821	5
9165	9833	21
9165	9936	5
9165	10086	9
9165	10096	4
9165	10109	7
9165	10135	3
9165	10136	8
9165	10146	3
9165	10150	5
9165	10159	4
9165	10265	2
9165	10287	10
9165	10337	4
9165	10388	26
9165	10395	5
9165	10427	12
9165	10530	8
9165	10579	3
9165	10616	6
9165	10636	4
9165	10693	6
9165	10708	3
9165	10760	5
9165	10765	4
9165	10804	7
9165	10806	9
9165	10819	3
9165	10826	8
9165	10828	7
9165	10834	6
9165	10846	3
9165	10848	4
9165	10884	4
9165	10905	12
9165	10930	8
9165	10940	5
9165	10959	5
9165	11022	11
9165	11028	4
9165	11037	7
9165	11066	9
9165	11124	5
9165	11172	18
9165	11229	3
9165	11254	11
9171	9833	1
9171	11172	1
9224	9763	1
9224	10708	1
9283	10846	1
9329	9763	1
9329	11037	1
9382	9639	1
9382	9783	1
9382	10530	2
9382	10905	1
9432	9544	1
9432	10819	1
9435	10388	1
9494	9833	1
9544	10819	1
9546	9680	1
9546	9763	1
9546	10136	1
9546	10760	1
9564	10388	1
9571	10265	1
9583	9775	1
9583	10086	1
9601	9768	1
9609	9763	1
9609	9768	1
9609	11028	1
9609	11066	1
9609	11124	1
9614	9763	1
9614	10530	1
9614	10806	2
9618	10530	1
9630	10765	1
9646	9680	1
9646	10905	1
9664	9763	1
9672	10693	1
9672	11254	2
9676	9773	1
9676	9775	1
9676	9833	1
9676	10287	1
9676	10806	1
9737	9813	1
9737	10136	1
9743	11066	1
9751	11124	1
9763	9821	1
9763	9833	1
9763	10086	1
9763	10096	1
9763	10135	1
9763	10693	1
9763	10806	1
9763	10905	1
9763	11172	1
9768	10096	1
9768	10760	1
9768	11254	1
9771	10096	1
9771	10708	1
9773	9833	1
9773	9936	1
9773	11037	1
9821	11172	1
9833	9936	1
9833	11022	1
9833	11066	1
10086	10337	1
10086	10530	1
10086	11066	1
10109	10828	1
10135	10905	1
10135	11022	1
10136	11124	1
10146	10828	1
10146	10905	1
10159	10287	1
10287	10819	1
10388	11254	1
10427	10826	1
10530	10804	1
10530	10905	1
10579	10636	2
10579	11172	1
10616	10848	1
10765	11229	1
10804	10834	1
10804	11172	1
10819	10834	1
10828	10905	1
10834	10930	1
10930	11022	1
11066	11254	1
